Type	ID	Earthquake_occurrenceTime	Epicenter_Lon	Epicenter_Lat	Epicenter_Mag	Epicenter_Depth	    EEW_Lon 	EEW_Lat	EEW_Mag	EEW_Dep EEW_processing_time 
xL	1	201401061849040 	122.9468	25.3803	5.78	226.55					
xN	2	201401081815011 	123.4077	24.4582	5.96	72.58					
xY	3	201401141644027 	120.9843	23.8608	4.97	14.98	121.01	23.85	4.7	10	14
xY	4	201401141838012 	121.0812	22.8935	5.05	8.29	121.07	22.88	5.3	10	16
xY	5	201401141950005 	121.0808	22.8822	5.09	8.43	121.05	22.87	4.6	10	15
0Y	6	201401142306043 	121.0827	22.8945	4.53	8.33	121.07	22.96	4.7	40	18
xN	7	201401162040019 	123.3007	24.8333	5.23	130.98					
oY	8	201401232251030 	122.7765	24.5578	5.15	85.31	123.33	24.51	5.3	40	29
xY	9	201401250316011 	121.4832	23.794	4.71	11.84	121.56	23.79	4.6	30	15
xY	10	201402071624046 	122.5222	23.955	4.63	27.63	122.6	23.89	4.5	20	32
xY	11	201402212025017 	121.6012	24.699	5.6	60.9	121.67	24.72	5.2	40	15
xN	12	201402221031004 	123.3838	24.4445	5.08	70.68					
xY	13	201403021133005 	122.4535	23.4283	4.63	50.03	122.49	23.38	4.5	10	31
xN	14	201403022011018 	128.0027	26.731	7.69	196.78					
xY	15	201403152004036 	121.3858	22.2337	5.09	19.72	121.38	22.22	5	20	18
oY	16	201403171312056 	122.4175	24.0157	5.43	29.46	122.43	23.98	5.8	30	25
xY	17	201403191219026 	122.3205	24.0057	5.81	23.03	122.23	24	5.7	20	23
xN	18	201404100238005 	123.0683	23.7373	5.35	38.26					
xL	19	201404171450053 	122.5392	23.9532	4.72	28.63					
xY	20	201404251633005 	121.348	23.5477	4.71	17.64	121.33	23.57	4.5	10	16
xY	21	201405041243036 	121.6453	23.9355	5.23	35.98	121.67	23.96	5.3	30	15
xL	22	201405050828003 	122.4302	23.9962	4.66	28.41					
xY	23	201405101815040 	122.5145	23.6822	4.64	41.49	122.39	23.64	4.5	10	34
xY	24	201405101824031 	122.5135	23.7128	5.04	29.45	122.42	23.68	4.8	40	26
xY	25	201405210021013 	121.4325	23.735	5.99	16.45	121.41	23.73	5.8	20	16
xY	26	201405251241013 	121.1623	23.0638	5.04	12.74	121.15	23.07	4.7	10	16
xL	27	201405281658006 	121.7295	21.7693	4.71	19.32					
xL	28	201406062018020 	122.803	24.6423	4.53	113.09					
xL	29	201406091133003 	121.0815	22.0858	4.6	30.74					
xL	30	201406130147048 	122.3783	25.3893	4.6	257.83					
xY	31	201406142222043 	121.5285	23.7513	4.58	6.04	121.56	23.77	4.5	10	17
xY	32	201406171949013 	121.9687	24.5047	4.77	61.81	121.82	24.66	4.5	50	20
oY	33	201406210221009 	121.6505	23.4713	4.76	52.01	121.74	23.45	4.5	10	22
oY	34	201406221226014 	122.606	24.71	5.3	97.41	123.63	24.66	5.2	20	31
xL	35	201407072306005 	122.4618	23.286	5.17	38.75					
xY	36	201407091710018 	121.9893	23.4477	4.72	32.12	122.05	23.44	4.6	20	24
xY	37	201407170611054 	121.35	22.2667	5.27	19.08	121.35	22.27	5.1	20	25
oY	38	201408060346007 	121.4288	22.196	5.05	84.18	121.31	22.22	4.9	70	27
xL	39	201408090036028 	121.9438	21.0362	4.69	164.52					
xL	40	201408142022050 	121.0775	21.7085	4.87	23.85					
xL	41	201409062333007 	122.8975	24.0718	4.78	18.12					
xY	42	201409100512029 	122.0632	24.336	4.65	19.51	122.04	24.34	4.7	20	23
xL	43	201409102054004 	122.8675	23.838	4.61	34.45					
xY	44	201409202114003 	121.556	23.5935	4.96	31.54	121.51	23.64	4.5	20	18
xY	45	201409251035003 	121.2677	22.7915	5.34	18	121.23	22.81	4.9	10	16
xL	46	201409291644018 	121.2845	21.5612	4.63	48.77					
xY	47	201410071808010 	121.5798	23.6385	5.15	33.39	121.6	23.64	5	50	18
xL	48	201410131345059 	122.1318	21.1843	4.62	196.1					
xL	49	201410260447001 	122.1827	24.7252	5.04	85.96					
xY	50	201411191746021 	122.058	24.9035	5.18	13.86	122.1	24.88	5.3	10	24
xL	51	201411191747007 	122.0478	24.916	4.53	13.22					
xN	52	201411210329013 	120.0102	20.7135	5.83	71.26					
xY	53	201412022201025 	122.128	23.7547	4.85	28.31	122.12	23.74	4.7	20	22
xL	54	201412040114028 	122.1647	24.3223	4.51	55.99					
xY	55	201412102103039 	122.607	25.4492	6.7	268.62	121.64	24.95	5.6	40	47
xY	56	201412140506003 	121.4698	23.132	4.58	43.02	121.35	23.22	4.5	40	17
xY	57	201412271222005 	122.6525	24.5515	4.76	96.59	122.47	24.56	4.5	60	38
oY	58	201412301350041 	122.7277	24.8875	4.53	121.02	123.42	24.98	4.5	30	40
xY	59	201412310306004 	121.7878	24.8245	5.07	68.85	121.78	24.83	4.6	30	18
oY	60	201412310754036 	122.566	24.5887	5.61	96.12	122.73	24.58	5.4	80	30
oY	61	201501050553046 	122.0187	24.691	5.07	73.83	121.85	24.74	4.5	50	20
xY	62	201501070448032 	121.6915	24.2598	5.48	30.4	121.67	24.27	5.2	20	15
xL	63	201501081844014 	122.2293	21.127	4.58	45.79					
oY	64	201501161912015 	121.9457	24.4257	4.91	31.37	121.83	24.55	4.5	20	19
xL	65	201501190348033 	121.5757	22.8673	5.04	117.9					
xY	66	201501240715026 	120.395	23.2098	4.58	11.12	120.42	23.18	4.6	10	15
xL	67	201501271605058 	122.1957	21.2427	4.73	17.99					
xY	68	201502031010010 	123.214	24.928	4.72	122.21	122.72	24.78	4.8	90	51
xY	69	201502040814047 	121.6078	24.5877	4.66	52.67	121.59	24.58	4.6	40	24
xN	70	201502102131028 	122.0587	21.0968	4.53	171.1					
xY	71	201502120735035 	121.701	24.2658	4.71	29.72	121.67	24.26	4.5	20	16
xY	72	201502132006031 	121.3967	22.6582	6.28	27.78	121.31	22.68	6.4	50	18
xY	73	201502261650003 	122.3048	24.6862	5.25	97.59	121.92	24.78	5.1	50	24
xN	74	201503112302034 	121.8193	24.764	4.55	93.19					
xY	75	201503141445014 	121.8997	24.4772	4.56	27.4	121.94	24.42	4.6	30	16
xY	76	201503201201031 	122.8722	24.5072	4.9	69.09	122.87	24.47	4.9	50	39
xY	77	201503231013051 	121.6707	23.7257	6.19	38.4	121.73	23.71	6.2	30	20
xY	78	201503271909038 	121.6282	22.329	4.67	25.83	121.6	22.33	4.5	30	28
xY	79	201504050437058 	122.696	24.5693	4.7	103.93	122.99	24.51	4.7	80	38
xY	80	201504052050027 	121.5063	24.061	4.44	22.72	121.54	24.04	4.5	20	24
xY	81	201504061137030 	122.6995	24.461	5.39	79.39	122.91	24.39	5.1	90	33
xY	82	201504131713057 	121.0807	23.934	4.82	19.41	121.11	23.92	4.5	10	15
xY	83	201504151948036 	121.3483	22.7345	4.7	26.05	121.17	22.75	4.5	20	21
oY	84	201504200142056 	122.441	24.0223	6.38	30.57	121.96	24.41	5.4	20	31
xL	85	201504200149010 	122.4325	24.0527	5.04	30.67					
xY	86	201504201120047 	121.6587	23.66	5.5	38.34	121.58	23.77	5.4	20	19
oY	87	201504201145013 	122.5065	24.0353	6.15	33.87	122.66	23.91	5.9	10	31
xY	88	201504201159059 	122.512	23.9628	5.99	29.44	121.74	24.2	4.8	20	31
oY	89	201504252001037 	122.533	23.9287	5.73	34.78	122.37	23.94	5.4	30	27
xY	90	201505031309007 	122.4422	23.9982	5.02	24.77	122.63	23.85	5.1	10	33
oY	91	201505110838021 	120.4342	24.5572	4.93	12.3	120.56	24.44	4.8	10	20
xY	92	201505112343015 	121.4815	23.9448	4.67	17.34	121.5	23.93	4.9	20	14
xY	93	201505141835049 	120.4283	24.5648	4.57	11.48	120.52	24.52	4.6	20	22
xY	94	201505252122049 	120.8488	22.9435	4.85	5.72	120.89	22.94	4.9	20	16
oY	95	201505260056056 	122.466	23.9622	5.03	28.9	122.47	23.85	4.9	10	27
oY	96	201505280757043 	122.4147	24.0008	4.85	27.27	122.25	23.99	4.7	10	29
oY	97	201506161516008 	121.7182	23.4968	4.68	31.51	121.49	23.57	4.6	40	22
oY	98	201506210615030 	122.4385	23.949	4.96	22.4	122.17	23.96	4.8	60	31
oY	99	201506261616040 	123.3193	24.8355	5.31	114.33	123.79	24.69	5.4	70	40
xY	100	201507280659010 	121.4318	24.431	4.69	5.98	121.42	24.45	4.6	10	13
xY	101	201508070840057 	122.3618	24.9275	4.7	126.06	122.16	24.89	4.5	70	44
xN	102	201508101220034 	122.0583	21.3602	4.52	198.03					
oY	103	201508122221027 	122.2093	21.0492	5.31	204.03	121.82	21.65	4.5	100	61
oY	104	201508131408002 	122.391	24.0233	5.65	25.54	122.09	24.2	5.2	20	31
xN	105	201508160426040 	121.9788	21.2957	4.79	170.63					
xY	106	201509011324045 	121.4913	23.9148	5.46	17.09	121.51	23.89	5.8	20	16
xY	107	201509011734007 	122.3653	24.0115	5.01	26.2	122.18	24.03	4.6	30	29
xY	108	201509020218013 	122.0152	24.8735	4.58	11.31	122.07	24.86	4.7	10	17
xY	109	201509101523027 	121.8242	24.2405	4.93	18.62	121.77	24.27	4.5	10	21
xY	110	201509151756022 	121.8297	24.2535	4.86	19	121.77	24.28	4.7	10	18
xY	111	201509151937035 	121.8198	24.2478	5.69	19.78	121.79	24.29	5.5	10	16
xN	112	201509151937058 	121.8062	24.2827	4.72	19.02					
xY	113	201509161308059 	121.8285	24.2847	5.61	20.16	121.8	24.3	5.6	10	16
xY	114	201509161330026 	121.8337	24.2778	4.5	22.04	121.78	24.3	4.5	10	19
xY	115	201509161429058 	121.803	24.277	4.63	19.24	121.79	24.28	4.5	10	17
xY	116	201509240558001 	120.693	22.5967	4.74	31.28	120.74	22.58	4.6	10	16
xY	117	201509291937045 	121.5067	24.0217	4.84	18.67	121.54	24	4.9	20	15
xY	118	201510121114047 	121.4722	22.4463	5.22	20.52	121.47	22.43	5.3	30	23
xY	119	201510131149004 	121.6475	23.4845	5.46	49.09	121.72	23.49	5.4	50	23
xY	120	201510152352045 	121.7562	24.3193	4.63	18.8	121.75	24.33	4.6	10	16
xL	121	201510152354027 	121.7643	24.3277	4.57	18.16					
oY	122	201510161701054 	122.943	24.723	5.1	121.57	123.25	24.65	4.9	80	38
xY	123	201510190217035 	122.0145	24.8578	5.32	14.41	122	24.83	5.6	10	17
xY	124	201510190542011 	122.0077	24.8388	4.69	11.3	122.02	24.82	5.2	10	21
xY	125	201510190720015 	121.9977	24.8325	4.68	8.71	122.01	24.83	4.8	10	17
oY	126	201511012109042 	121.5837	22.7322	5.88	18.81	121.36	22.79	5.5	30	21
xL	127	201511012111021 	121.573	22.74	4.67	14.69					
oY	128	201511030006024 	122.0175	24.8333	4.67	1.38	121.96	24.81	4.7	10	26
xL	129	201511030006030 	122.0275	24.8495	4.77	8.87					
oY	130	201511050906026 	121.828	23.9298	4.98	47.93	121.77	23.94	4.6	30	22
xL	131	201511101453012 	122.3082	24.7952	4.51	14.24					
oY	132	201511111533019 	122.7538	24.4743	5.49	95.56	123.25	24.36	5.3	90	30
xY	133	201511112131056 	121.8467	24.9855	4.61	133.06	121.78	24.83	4.6	70	39
xN	134	201511232201035 	122.9687	21.7527	4.53	57.04					
oY	135	201511280052023 	122.2613	25.1883	5.15	219.36	121.87	24.99	4.6	40	36
xY	136	201512020521057 	121.9108	24.1908	4.85	23.91	121.79	24.22	4.5	20	20
xY	137	201512020553000 	121.8927	24.1838	4.64	24.27	121.76	24.19	4.5	20	19
oY	138	201512031431013 	121.3862	22.604	5.34	25.89	121.14	22.6	5	20	24
xY	139	201512121547022 	121.3403	23.3722	4.64	12.37	121.34	23.39	4.5	10	18
xN	140	201512190740021 	121.956	21.053	4.9	175.94					
xN	141	201512191453031 	120.936	21.0992	4.57	86.39					
xY	142	201512242120022 	121.0275	24.0457	4.57	21.22	121.03	23.97	4.5	10	14
xN	143	201512270700038 	122.5938	24.5735	4.76	93.63					
xN	144	201512281835026 	122.5298	23.7943	4.66	53.6					
oY	145	201512310053014 	121.7968	21.4053	5.03	147.42	121.44	21.96	4.6	40	42
oY	146	201601031401030 	122.0797	24.595	4.89	66.39	122.18	24.65	4.5	50	23
xN	147	201601041720000 	121.3873	21.567	4.85	90.98					
xY	148	201601110452057 	121.5307	23.4338	5.25	33.15	121.4	23.47	4.9	20	19
xY	149	201601190213026 	121.3125	22.787	5.8	29.72	121.29	22.8	5.8	20	22
xN	150	201601261605036 	121.3755	21.5008	4.55	57.45					
oY	151	201602021419021 	123.5358	25.4235	6.65	203.74	122	24.98	5	30	46
xY	152	201602051957026 	120.5438	22.922	6.6	14.64	120.59	22.92	6.1	10	13
xN	153	201602051958028 	120.4332	22.9418	5.26	18.1					
xN	154	201602052000006 	120.3193	22.966	4.9	24.32					
xY	155	201602052001052 	120.3537	23.0107	4.55	23.24	120.33	23.04	5.3	10	19
xY	156	201602090047000 	121.692	23.8883	5.12	5.69	121.66	23.91	4.9	10	20
xY	157	201602160245059 	120.8932	23.0003	4.76	5.8	120.9	22.98	4.5	10	15
xY	158	201602160404054 	120.8685	23.0107	4.97	5.03	120.88	22.99	4.8	10	17
xY	159	201602180109039 	120.8693	23.0163	5.27	5.44	120.91	23.02	5.2	10	24
xY	160	201602180118031 	120.8762	23.0265	5.13	4.26	120.9	23.02	4.9	10	16
xY	161	201602230826027 	122.3603	24.0083	4.75	24.86	122.1	24	4.5	20	29
xY	162	201602270259053 	121.0278	22.3322	4.77	12.84	121.01	22.38	4.5	10	16
xY	163	201603051811006 	121.7715	24.7167	4.67	70.48	121.69	24.8	4.6	70	27
xN	164	201603061508058 	123.2257	23.1655	4.95	68.25					
xY	165	201603280807059 	121.1315	22.8	4.85	26.86	121.13	22.76	4.6	20	17
xN	166	201604010914045 	122.7458	22.9642	4.5	101.94					
oY	167	201604070013028 	122.6962	22.6738	4.74	65.47	122.08	23	4.5	20	40
xY	168	201604101321046 	122.7797	22.6825	4.89	65.9	121.89	23.1	4.6	10	65
oY	169	201604110545009 	122.1247	24.5512	5.66	59.81	121.84	24.74	5	30	21
xY	170	201604161055046 	121.8015	22.4432	5.22	11.83	121.93	22.43	5.2	20	29
oY	171	201604191616037 	122.5368	23.962	4.57	26.74	122.18	24.14	4.5	10	33
xN	172	201604251813011 	121.1812	20.9707	5.3	58.21					
xY	173	201604271517014 	121.784	24.2372	5.67	11.94	121.74	24.24	5.6	10	16
xN	174	201604271517037 	121.7927	24.3115	4.63	11.12					
xY	175	201604271527038 	121.749	24.2527	5.13	12.99	121.74	24.23	4.7	10	16
xY	176	201604271819006 	121.2333	23.2832	5.52	15.21	121.22	23.29	5.7	20	15
xY	177	201604280114046 	121.7982	24.2843	4.5	12.58	121.81	24.27	4.8	10	17
xY	178	201604302246057 	121.7393	24.2197	4.78	12.31	121.72	24.23	4.6	10	16
xY	179	201605021429000 	121.7213	24.2095	4.88	11.83	121.74	24.2	4.8	10	17
xY	180	201605060753023 	121.4925	23.4727	4.87	29.72	121.4	23.51	4.6	20	19
xY	181	201605071451009 	121.756	24.2207	4.78	11.82	121.8	24.21	5	30	15
xY	182	201605080246033 	121.0232	23.9928	4.93	19.13	121.06	24	5.1	20	14
xY	183	201605120317015 	121.9803	24.6918	6.1	8.86	121.97	24.67	6	10	14
xY	184	201605120320051 	121.9762	24.6927	4.63	11.38	122.02	24.68	5	10	17
xN	185	201605120321022 	121.9575	24.6913	4.52	9.69					
xY	186	201605120429055 	122.0173	24.6908	5.73	12.03	121.95	24.71	5.3	10	18
xY	187	201605130824012 	121.9845	24.6838	5.24	9.77	121.92	24.68	5.2	10	16
xY	188	201605140312002 	121.7625	24.1748	4.69	12.4	121.7	24.18	4.5	10	19
xY	189	201605140332048 	121.7703	24.1732	5.01	11.6	121.76	24.18	4.7	10	17
oY	190	201605180022045 	121.5735	23.2162	5.24	45.75	121.43	23.33	4.9	40	21
xY	191	201605212051040 	120.61	22.9025	5.26	18.13	120.64	22.91	4.9	10	14
xY	192	201605220206019 	120.597	22.898	4.8	16.92	120.62	22.87	4.6	20	15
xN	193	201605251354035 	120.4802	22.008	4.52	52.04					
xY	194	201605291748036 	121.0297	23.081	4.5	4.2	121.07	23.07	4.5	20	26
xY	195	201605300252047 	121.7178	24.1672	4.67	13.66	121.77	24.14	4.5	10	19
oY	196	201605301750051 	122.534	24.2	4.92	50.84	122.32	24.17	4.8	60	27
xY	197	201605310523046 	122.6827	25.492	6.91	256.89	121.8	24.98	5.9	40	45
xN	198	201606172255042 	122.753	25.3953	5.33	235.66					
xY	199	201606200039047 	121.5335	23.1632	5.07	39.39	121.55	23.22	5	30	22
oY	200	201606200753030 	121.8923	24.8842	4.73	106.91	121.93	24.92	5.1	100	28
oY	201	201606232105030 	123.4198	23.532	6.07	47.02	123.21	23.4	5.9	40	42
oY	202	201607010823042 	122.3078	24.0512	4.75	26.83	122.01	24.04	4.6	30	28
xY	203	201607140332024 	121.36	23.1625	4.42	17.87	121.44	23.08	4.5	20	21
xY	204	201607160235025 	121.7493	24.3628	4.23	19.61	121.79	24.32	4.5	20	29
xY	205	201607201255033 	120.9857	24.1437	4.53	37.98	120.99	24.09	4.7	40	15
xY	206	201607270402035 	121.7548	24.2658	4.81	7.68	121.74	24.25	4.7	10	16
xY	207	201608121335041 	122.1378	24.8297	4.63	95.83	122.46	24.89	4.8	80	40
xY	208	201608311628054 	121.9667	24.4563	4.93	17.98	121.87	24.48	5	10	17
xY	209	201609091654010 	122.0968	22.1268	4.87	40.79	122.07	22.24	5	20	47
xY	210	201609240936049 	121.5147	24.1057	4.23	19.16	121.61	24.07	4.6	30	24
oY	211	201609280938012 	122.7528	24.4453	5.46	96.87	122.8	24.47	5.4	50	38
oY	212	201610061552000 	121.3438	22.627	6.15	23.7	121.32	22.61	5.9	20	21
xY	213	201610250445052 	121.3502	22.6543	5.3	23.69	121.36	22.64	5.2	30	22
xY	214	201611071156026 	121.3433	23.0295	5.07	20.45	121.29	23.04	4.9	10	19
oY	215	201611112225031 	122.43	24.0662	5.33	31.17	122.38	24.05	5.4	20	31
xY	216	201611242155054 	122.4128	24.0783	5.53	27.47	122.41	24.03	5.6	10	31
xY	217	201611282359039 	121.2738	22.2068	4.62	32.25	121.26	22.26	4.5	30	20
xY	218	201611301204034 	121.2683	22.8317	5.07	11.84	121.27	22.83	4.9	10	17
oY	219	201612090409048 	122.047	24.712	5.24	63.1	121.82	24.75	4.8	50	20
xY	220	201612151411038 	121.2558	22.8462	4.29	11.05	121.29	22.87	4.5	10	28
xY	221	201612151414029 	121.2688	22.8465	5.17	11.39	121.26	22.85	5.2	10	17
xY	222	201612221541007 	122.8825	24.8977	3.92	145.4	123.3	24.78	4.6	50	46
oY	223	201612300030051 	122.0793	24.8082	5.19	75.17	121.87	24.94	4.9	70	24
oY	224	201701040707021 	121.8145	24.0525	4.76	52.93	121.68	24.06	4.5	30	20
xY	225	201701111731003 	120.6823	23.1117	4.51	9.01	120.73	23.1	4.7	10	14
xN	226	201701190342018 	119.986	21.3028	4.55	78.03					
xY	227	201701200816027 	122.2022	24.3502	4.51	42.16	122.18	24.3	4.5	40	28
xY	228	201701250733006 	121.833	24.2383	4.95	57.48	121.9	24.17	5.2	70	23
xY	229	201701261612039 	121.6892	23.9263	4.42	52.84	121.82	23.86	4.6	40	25
xY	230	201702101712052 	120.1432	22.8657	5.71	16.15	120.15	22.9	6.1	30	27
xY	231	201702120430058 	120.1275	22.8477	4.29	19.25	120.11	22.86	4.5	10	22
xY	232	201702140654035 	121.625	22.5667	4.33	12.02	121.65	22.58	4.5	20	28
xY	233	201702181227039 	121.3383	22.5467	4.59	20.5	121.37	22.52	4.7	20	29
xN	234	201702210443017 	122.2537	25.4773	4.69	270.14					
oY	235	201702271618030 	122.94	24.1962	5.23	47.87	121.31	24.12	4.5	20	40
xY	236	201703070139046 	122.0617	24.2825	4.35	35.4	122.08	24.3	4.5	10	25
oY	237	201703072210051 	122.1013	24.3087	5.28	59.92	121.85	24.39	5.1	30	24
oY	238	201703192348009 	122.108	24.7962	4.55	13.65	122.25	24.71	4.6	10	20
xN	239	201703210313049 	121.9907	21.2455	4.63	168.78					
oY	240	201703291634002 	121.0212	22.5162	4.5	16.79	121.01	22.54	4.5	20	19
xY	241	201704131941011 	122.3985	25.167	5.55	171.26	122.14	24.99	4.6	80	38
xY	242	201704161834016 	120.6763	23.281	4.55	6.83	120.7	23.29	4.7	10	15
oY	243	201704300157022 	121.653	21.4075	6.07	122.28	121.58	21.7	6	70	38
xY	244	201705050507030 	121.5167	23.428	4.63	34.32	121.45	23.44	4.7	30	19
xN	245	201705051216051 	121.7802	21.386	4.63	147.24					
oY	246	201705090154014 	126.318	24.449	6	10	122.11	23.85	4.8	20	83
xY	247	201705091915049 	125.124	25.741	5.1	115.5	123.67	24.49	4.8	40	80
xY	248	201705152312054 	121.4328	23.2797	5.75	24.91	121.37	23.29	5.7	20	19
xN	249	201705161103000 	122.8453	25.0577	4.62	61.5					
xY	250	201705241310054 	120.5117	23.4193	5.13	12.43	120.51	23.42	5.1	10	14
xY	251	201705250548011 	120.515	23.42	4.7	11.78	120.51	23.41	4.6	10	14
oY	252	201705280731009 	122.9135	24.9053	4.65	139.57	122.84	24.75	4.5	70	46
xN	253	201705281929017 	122.6722	24.9067	4.81	13.91					
xN	254	201706041324046 	122.631	24.6308	5.16	20.71					
xY	255	201706150311006 	122.513	19.785	5.1	186.3	121.85	21.59	5.3	20	74
oY	256	201706152129018 	120.4053	22.6375	4.27	33.21	120.42	22.66	4.5	40	17
xN	257	201706201402030 	122.1813	21.2012	4.92	195.46					
oY	258	201706210725039 	121.9227	24.656	5.09	62.8	121.88	24.81	4.5	30	20
oY	259	201706301404002 	125.368	25.537	5.2	93.7	124.51	24.45	5.9	80	71
oY	260	201707112307036 	122.3838	24.487	4.44	61.66	123.38	24.22	5.1	10	26
xY	261	201707171916026 	121.5653	23.5858	4.66	35.22	121.54	23.59	4.5	20	20
oY	262	201707270708012 	121.4577	21.6223	5.18	92.24	121.42	21.99	4.7	20	43
xY	263	201707300100007 	120.5893	23.1867	4.2	8.36	120.61	23.2	4.5	10	18
xY	264	201708041119045 	123.543	24.4387	5.71	69.79	122.85	24.38	5.8	10	53
xY	265	201708091605036 	121.4335	23.5565	4.73	31.86	121.47	23.56	4.6	20	17
xY	266	201708110158054 	121.399	23.1883	4.97	21	121.36	23.22	4.9	20	18
xY	267	201708130008035 	121.2797	21.9992	5.15	59.12	121.29	21.93	5	80	27
xY	268	201709201429056 	121.7813	23.3162	5.85	28.98	121.58	23.39	5.8	40	22
xY	269	201709172239054 	121.5592	23.567	4.83	28.67	121.43	23.58	4.5	20	17
xY	270	201709110225041 	122.0608	24.7727	4.76	70.53	121.89	24.86	4.8	70	24
xY	271	201709021504018 	121.37	22.5683	4.62	36.6	121.3	22.53	4.6	50	24
xN	272	201709240549045 	122.2997	23.9903	4.65	23.27					
xN	273	201709272156039 	123.3887	24.9322	5.07	123					
xY	274	201710082329051 	121.4083	22.4248	4.79	23.23	121.39	22.41	5	20	25
xY	275	201710111845020 	122.4738	24.7783	5.22	114.26	122.03	24.74	4.6	80	27
xY	276	201710292315044 	122.3072	24.1203	5.17	26.82	122.32	24.03	5	20	28
xY	277	201711030248015 	120.9558	23.0268	4.66	6.61	120.94	23.02	4.5	10	15
xY	278	201711032334048 	121.5548	23.5528	5.29	29.98	121.49	23.58	5	20	17
xY	279	201711111114039 	120.7078	23.6385	4.6	15.34	120.71	23.64	4.9	10	13
xY	280	201711111222053 	120.7082	23.6357	5.2	14.91	120.71	23.64	5.5	10	13
xY	281	201711112254020 	122.005	24.6968	4.61	71.37	121.85	24.77	4.5	50	24
xY	282	201711221420009 	120.7217	23.5842	5.66	15.24	120.71	23.58	5.6	10	14
xY	283	201711232055032 	120.71	23.5898	5.03	16.41	120.72	23.59	4.7	10	13
xY	284	201711261843044 	121.6797	24.1597	4.46	32.59	121.7	24.13	4.5	20	34
xY	285	201711270403000 	120.7345	23.5855	4.31	13.12	120.72	23.59	4.5	30	20
xY	286	201712021605035 	122.6373	24.5365	4.55	88.83	123.04	24.47	4.6	40	39
xY	287	201712080344029 	122.4163	24.3565	5.29	79	122.74	24.31	5	40	34
xY	288	201712202240009 	122.5017	24.8177	4.05	106.71	122.64	24.82	4.5	60	40
xY	289	201712241514046 	120.7202	23.5873	4.3	16.55	120.72	23.55	4.5	40	13
xY	290	201801011922002 	121.2388	22.8625	4.28	8.84	121.25	22.84	4.5	10	26
xY	291	201801051630012 	122.003	24.8077	4.22	89.95	122.13	24.86	4.5	80	30
xY	292	201801170559011 	121.7182	25.0588	5.53	140.19	121.58	25	4.8	50	27
xY	293	201801261631028 	120.9885	22.9682	4.58	5.71	120.97	22.97	4.6	10	15
xY	294	201802031930057 	121.7027	24.1812	4.79	10.32	121.71	24.18	4.8	10	15
xY	295	201802031931052 	121.6997	24.1822	4.3	10.38	121.7	24.19	4.5	10	21
xY	296	201802041312052 	121.6992	24.2055	5.35	2.99	121.72	24.18	5.3	10	16
xY	297	201802041333009 	121.678	24.202	4.32	5.45	121.7	24.18	4.6	10	16
xY	298	201802041356040 	121.7437	24.1507	5.89	10.61	121.68	24.16	5.3	10	17
xN	299	201802041357042 	121.7058	24.1728	5.28	10.23					
xY	300	201802041410052 	121.6948	24.2293	4.94	3.73	121.74	24.19	4.9	10	16
xY	301	201802041412002 	121.7268	24.2295	4.76	3.96	121.76	24.2	4.7	10	17
xY	302	201802041413012 	121.7165	24.1505	5.58	10.34	121.72	24.16	5.4	10	23
xY	303	201802041416055 	121.6802	24.1772	4.98	3.75	121.71	24.16	5.1	10	17
xY	304	201802041533047 	121.7453	24.225	4.68	5.11	121.75	24.2	4.5	10	16
xY	305	201802050436053 	121.7168	24.1983	4.22	8.67	121.74	24.17	4.5	10	21
xY	306	201802050906042 	121.7762	24.1422	4.56	8.12	121.75	24.13	4.5	20	31
xY	307	201802050944054 	121.7447	24.0967	4.5	8.92	121.69	24.11	4.5	10	26
xY	308	201802051558041 	121.7352	24.1062	5.04	8.32	121.71	24.13	4.9	10	21
xY	309	201802051737013 	121.8118	24.1497	4.63	13.16	121.77	24.18	4.6	10	22
xY	310	201802060509014 	121.7195	24.186	5.09	10.73	121.75	24.17	5.2	10	16
xY	311	201802060836048 	121.774	24.078	4.58	6.69	121.77	24.08	4.5	10	23
xY	312	201802061550041 	121.7297	24.1007	6.26	6.31	121.69	24.15	6.4	10	18
xN	313	201802061551020 	121.5445	23.947	4.74	6.72					
xN	314	201802061551022 	121.6163	23.9915	4.87	6.49					
xN	315	201802061552032 	121.5902	24.0332	4.35	7.61					
xN	316	201802061553047 	121.5985	23.9618	4.95	5.48					
xN	317	201802061553054 	121.6468	24.1287	4.5	12.48					
xN	318	201802061554052 	121.623	24.0005	4.54	6.7					
xN	319	201802061559019 	121.6873	24.0992	4.11	7.96					
xY	320	201802061617057 	121.6123	23.9882	4.9	5.91	121.66	23.97	4.9	10	18
xY	321	201802061626045 	121.609	23.9948	4.37	6.85	121.66	23.98	4.5	10	24
xY	322	201802061800013 	121.729	24.1157	5.38	6.69	121.75	24.11	5.3	10	19
xY	323	201802061807039 	121.7092	24.0402	5.39	4.17	121.69	24.05	5.1	10	20
xY	324	201802061915028 	121.7272	24.0105	5.46	5.65	121.72	24	5.2	10	21
xY	325	201802061936036 	121.7167	24.0018	4.84	7.06	121.73	23.99	4.9	20	18
xY	326	201802062056022 	121.6797	24.0595	4.92	7.17	121.7	24.05	4.8	10	19
xY	327	201802062311042 	121.7115	24.0613	4.87	5.94	121.71	24.05	4.6	10	21
xY	328	201802062343051 	121.6533	24.0272	4.92	7.45	121.68	24.02	4.7	10	18
xY	329	201802070218002 	121.7182	24.0735	4.99	7.68	121.71	24.08	4.8	10	21
xY	330	201802070336018 	121.7382	24.081	5.17	7.42	121.8	24.05	5	10	21
xY	331	201802070337036 	121.7287	24.068	4.47	8.75	121.74	24.07	4.6	10	26
xY	332	201802070507038 	121.7217	23.9863	4.37	7.43	121.66	24.01	4.5	10	24
xY	333	201802071019047 	121.6745	24.2138	4.53	12.66	121.7	24.19	4.5	10	21
xY	334	201802071113005 	121.7295	24	5.03	8.24	121.73	24	5	10	21
xY	335	201802071251058 	121.6428	24.2485	4.01	15.14	121.66	24.2	4.5	20	20
xY	336	201802071306040 	121.771	24.079	5.14	7.18	121.77	24.07	4.9	10	23
xY	337	201802071419019 	121.7675	23.964	4.62	5.14	121.77	23.98	4.7	10	22
xY	338	201802071521030 	121.777	24.0818	5.85	7.75	121.72	24.13	5.6	10	18
xY	339	201802071556004 	121.8155	24.1003	4.43	6	121.72	24.16	4.5	10	22
xY	340	201802080054017 	121.5807	23.968	5.07	11.54	121.63	23.94	4.9	10	18
xY	341	201802080306004 	121.6	23.96	4.82	8.77	121.62	23.95	4.7	10	16
xY	342	201802090214003 	121.5995	23.927	4.73	21.64	121.6	23.92	4.6	20	18
xY	343	201802091843009 	121.81	24.03	4.71	5.82	121.77	24.06	4.5	10	21
xY	344	201802100748049 	121.8388	24.2263	4.73	10.91	121.76	24.23	4.5	10	25
xY	345	201802141827032 	121.8117	24.1793	4.37	7.73	121.81	24.19	4.5	10	25
xY	346	201802170906036 	121.3212	22.6337	4.5	20.37	121.33	22.61	4.7	10	42
xY	347	201802191447001 	121.6137	24.5878	5.53	52.68	121.57	24.65	5.1	30	16
xY	348	201802212310041 	121.5337	23.413	5.66	35.57	121.47	23.49	5.4	20	22
xY	349	201802251828040 	121.8958	24.4313	5.45	22.11	121.82	24.48	5	20	17
xY	350	201803031735051 	121.7133	24.1772	4.91	10.13	121.72	24.18	4.9	10	16
xY	351	201803060942010 	121.8642	24.7033	4.94	81.73	121.68	24.81	4.7	50	29
xY	352	201803200922056 	120.5407	23.2982	5.31	11.21	120.57	23.29	5.4	10	13
xY	353	201803221427051 	120.6208	23.5932	4.73	7.66	120.61	23.58	4.9	10	14
xY	354	201803281029057 	121.975	24.6457	4.92	63.65	121.73	24.86	4.5	30	26
xY	355	201803290017050 	121.0147	24.0042	5	11.08	121.04	23.99	5	10	14
xY	356	201804011602004 	120.8453	23.818	4.51	29.55	120.86	23.82	4.5	20	16
xY	357	201805012347004 	122.3617	24.018	5.59	24.75	122.24	24.02	5.7	10	32
xY	358	201805310103018 	121.2258	22.8608	4.76	8.65	121.33	22.82	5.1	10	25
xY	359	201806011743026 	121.4787	23.94	4.34	18.93	121.5	23.93	4.5	20	17
xY	360	201806020201010 	121.0485	23.885	4.77	18.25	121.05	23.89	4.5	10	23
xY	361	201806111542005 	121.7483	23.9805	4.51	6.68	121.74	23.97	4.5	10	21
xY	362	201806112052027 	121.7612	23.9805	4.68	5.09	121.72	23.98	4.5	10	22
xY	363	201806152053055 	121.8367	24.6663	5.33	63.21	121.7	24.85	4.8	30	23
xY	364	201807020726010 	120.4788	23.438	4.57	12.05	120.48	23.44	4.6	10	14
xY	365	201807030920054 	120.9015	23.1605	4.84	1.01	120.92	23.15	4.9	10	30
xY	366	201807111241049 	120.2143	23.0305	4.54	16.75	120.24	23.04	4.5	10	23
xY	367	201807131838039 	121.1668	22.9935	4.84	8.01	121.16	23.02	5.2	20	15
xY	368	201808021338018 	120.696	23.6375	4.86	13.14	120.68	23.65	5.1	10	15
xY	369	201808171009042 	121.0128	24.0127	4.92	18.8	121.03	23.98	5	10	14
xY	370	201808180015017 	121.0032	24.0197	5.19	19.11	121.05	24.04	5.5	20	16
xY	371	201808220423004 	122.06	24.9	3.92	14.73	122.13	24.83	4.5	10	19
xY	372	201809030559049 	121.536	24.0903	4.46	19.67	121.53	24.08	4.6	20	17
xY	373	201809110443026 	121.5215	23.874	4.57	10.31	121.53	23.88	4.7	10	17
xY	374	201810090812058 	121.375	22.9163	4.63	24.77	121.39	22.88	4.7	10	27
xY	375	201810100943011 	122.0423	24.905	4.55	14.49	121.96	24.9	4.9	10	19
xY	376	201810230434058 	122.624	24.0025	6.11	31.19	122.68	23.94	6.2	40	32
xY	377	201810231604004 	122.6308	23.9932	5.9	30.1	122.63	23.89	5.8	10	31
xY	378	201811100151019 	120.2193	23.3555	4.42	7.2	120.22	23.36	4.6	10	20
xY	379	201811191631034 	121.9195	24.4098	4.73	39.15	121.8	24.42	4.5	20	21
xY	380	201811252357023 	118.5237	23.384	6.21	12.31	118.77	23.41	6	20	39
xY	381	201812091515041 	121.517	24.0518	5.16	19.68	121.55	24.03	5.3	20	16
xY	382	201812121324023 	121.5233	23.9062	5.09	12.37	121.52	23.89	5.4	10	16
xY	383	201812152121005 	121.9102	23.734	5.8	32.87	121.88	23.75	5.6	30	21
xY	384	201812250356044 	120.7992	22.5883	4.56	5.77	120.88	22.77	4.5	10	25
xY	385	201901031802048 	120.9718	22.8953	4.94	4.79	120.94	22.9	4.8	10	16
xY	386	201901032259020 	120.9567	22.888	4.47	4.9	120.93	22.9	4.5	10	16
xY	387	201901131828026 	121.2057	22.9332	4.36	28.54	121.33	22.9	4.5	10	25
xY	388	201901300521036 	122.3857	23.7497	5.97	38.75	122.08	23.81	5.6	30	27
xY	389	201902071652004 	120.6057	23.2605	5.07	13.71	120.63	23.27	4.7	10	15
xY	390	201903080232014 	121.3977	22.4375	5.36	24.08	121.37	22.4	5.7	10	31
xY	391	201903122019015 	121.8555	25.0177	5.39	138	121.76	25.02	4.8	40	27
xY	392	201903130432034 	121.5887	23.595	5.42	35.91	121.55	23.62	5.3	30	20
xY	393	201903190401034 	121.9343	24.7507	4.91	83.17	121.74	24.84	4.5	40	23
xY	394	201904010254035 	122.2407	24.934	5.12	128.64	121.71	24.97	4.8	50	32
xY	395	201904030152055 	120.8683	22.9373	5.95	4.87	120.87	22.98	5.6	10	16
xY	396	201904040156055 	120.863	22.9827	5.51	3.48	120.88	22.95	5.3	10	15
xY	397	201904052124055 	120.6858	22.823	4.56	16.92	120.69	22.79	4.5	10	18
xY	398	201904091513021 	121.5677	23.9835	5.12	11.65	121.59	23.99	5.2	10	19
xY	399	201904092024013 	121.5573	23.9662	4.87	10.25	121.58	23.98	5	10	16
xY	400	201904092257052 	121.8787	24.1873	5.03	25.67	121.76	24.2	4.8	10	19
xY	401	201904151526022 	121.52	24.0452	4.22	20.03	121.53	24.03	4.5	20	17
xY	402	201904180501007 	121.5592	24.0543	6.32	20.33	121.53	24.05	6.1	20	14
xY	403	201904180517026 	121.5298	24.0815	4.23	20.62	121.52	24.06	4.5	20	20
xY	404	201905021044043 	121.9417	24.4862	4.92	41.15	121.88	24.46	4.8	30	17
xY	405	201905081548047 	122.49	24.8217	5.1	122.72	121.75	24.65	4.6	40	36
xY	406	201905130855021 	121.9005	24.7522	5.2	87.98	121.66	24.78	4.9	50	35
xY	407	201905220137024 	121.6433	23.9618	4.81	28.8	121.61	24	4.6	20	17
xY	408	201905230612049 	121.5488	24.0167	4.96	14.45	121.55	23.99	5	20	16
xY	409	201905311553018 	120.5778	22.9227	4.81	13.44	120.61	22.92	4.6	10	15
xY	410	201906040946018 	121.6117	22.8423	5.93	14.68	121.37	22.94	5.8	10	24
xY	411	201906051927020 	121.5773	23.8332	4.65	22.41	121.61	23.85	4.6	20	17
xY	412	201906291944012 	122.3563	22.3208	5.84	46.56	121.63	22.61	5.5	10	41
xY	413	201908021353008 	121.5253	23.7087	4.65	4.22	121.53	23.71	4.6	10	18
xY	414	201908022224043 	121.536	23.6878	4.96	4.1	121.5	23.71	4.7	10	19
xY	415	201908060119048 	121.5303	23.6725	5.1	4.57	121.48	23.67	5	10	18
xY	416	201908072128003 	121.9097	24.4363	6.24	24.15	121.88	24.45	6.4	20	18
xY	417	201908072302022 	121.818	24.6082	4.65	68.01	121.71	24.84	4.5	30	25
xY	418	201908152141040 	120.7168	23.5662	4.71	17.75	120.72	23.59	4.8	20	11
xY	419	201908180405014 	121.5352	23.7433	4.97	6.6	121.52	23.74	4.8	10	16
xY	420	201911250132042 	121.7465	24.034	4.6	5.14	121.72	24.03	4.5	10	31
xY	421	201912161125057 	121.7618	24.5418	5.25	49.73	121.74	24.55	5	40	17
xY	422	201912311910010 	121.671	24.0833	4.95	10.8	121.67	24.07	4.6	10	18
xY	423	202001060653055 	120.259	23.377	4.84	8.53	120.25	23.39	4.8	10	16
xY	424	202002151100006 	121.5107	23.8563	5.73	8.32	121.54	23.83	5.9	10	16
xY	425	202002151105000 	121.5212	23.8482	5.31	9.05	121.53	23.85	4.6	10	17
xY	426	202002151920013 	121.5237	23.8468	5.1	8.7	121.57	23.83	4.6	10	18
xY	427	202002251114002 	121.4062	24.3915	5.3	5.13	121.39	24.4	5	10	13
xY	428	202002260534015 	121.6157	23.8768	4.91	26.53	121.57	23.95	4.5	20	17
xY	429	202005030324040 	121.568	23.2423	5.97	40.25	121.43	23.22	5.9	40	16
xY	430	202005242231030 	121.9538	24.359	5.24	23.78	121.9	24.37	4.6	10	19
xY	431	202005281934023 	120.7563	23.6453	4.65	14	120.76	23.65	4.5	10	10
xY	432	202005301302030 	121.5542	24.098	4.89	17.53	121.56	24.1	4.8	20	12
xY	433	202006070149023 	121.6408	24.1283	4.97	12.1	121.67	24.12	5.1	10	13
xY	434	202006120021035 	121.6877	24.0105	4.75	31.42	121.6	24	4.7	20	16
xY	435	202006132018059 	122.435	24.2632	6.09	55.55	121.92	24.33	5.5	20	22
xY	436	202006162317000 	121.9738	24.628	4.88	61.44	121.91	24.61	4.8	40	15
xY	437	202006262327044 	120.8377	23.0502	5.05	5.37	120.84	23.05	4.9	10	12
xY	438	202006110138026 	122.3857	24.4998	5.43	90.79	121.89	24.51	4.7	40	14
xY	439	202007090324023 	121.6765	24.1503	4.93	29.38	121.65	24.16	4.5	20	15
xY	440	202007090412003 	121.6703	24.1542	4.74	28.74	121.67	24.13	4.5	20	17
xY	441	202007261252029 	122.4215	24.2552	6.24	53.59	121.91	24.36	5.7	10	23
xY	442	202008190033001 	120.3875	23.2302	4.55	10.99	120.38	23.23	4.9	10	9
xY	443	202008190313031 	120.3908	23.2233	4.75	10.89	120.39	23.23	5	10	10
xY	444	202008190817018 	121.0015	22.6208	4.29	7.48	121	22.63	4.6	10	13
xY	445	202008262215008 	123.1832	24.9733	5.58	139.99	121.9	24.84	4.5	30	36
xY	446	202009020844039 	121.2055	22.7595	4.72	32.23	121.25	22.81	4.5	20	21
xY	447	202009170137052 	121.3323	23.049	4.99	19.11	121.32	23.04	4.7	10	11
xY	448	202009282050054 	121.0205	22.383	5.37	11.5	121.02	22.4	5.2	10	13
xY	449	202009290114017 	121.0203	22.3747	5.08	11.67	121.04	22.38	5.1	10	14
xY	450	202009300437020 	122.1005	24.8355	6.02	105.95	122.07	24.9	5.4	50	20
xY	451	202010121539044 	121.8987	24.5052	4.87	10.92	121.94	24.49	4.7	10	12
xY	452	202010162106038 	120.2428	23.0825	4.04	17.35	120.08	23.17	5.3	100	9
xY	453	202010171207055 	120.3762	23.284	4.26	13.6	120.48	23.21	5.5	90	9
xY	454	202010171503013 	120.3765	23.2762	5.31	15.8	120.37	23.3	4.9	10	9
xY	455	202010171505059 	120.3825	23.2825	4.7	15	120.34	23.44	5	10	9
xY	456	202011051836012 	121.3718	22.5997	5.43	25.85	121.37	22.66	5.4	30	13
xY	457	202011261554052 	121.89	24.7	4	76.4	121.81	24.76	3.9	50	19
xY	458	202011291342014 	122.27	24.2	5.1	32.9	121.92	24.28	4.9	10	18
xY	459	202012100529038 	121.57	23.43	5.3	36.3	121.45	23.48	5.5	20	23
xY	460	202012101319058 	122.03	24.74	6.7	76.8	121.93	24.71	5.9	40	17
xY	461	202012101815008 	121.99	24.53	5.6	63.2	121.9	24.54	5.7	40	16
xY	462	20210102212646 	122.31	24.02	4.7	23	121.68	23.97	5.5	20	41.7
xY	463	20210109193552 	122.04	24.72	5.7	72.2	121.85	24.85	5.5	40	16.1
xY	464	20210110112329 	121.45	23.78	4.9	13.9	121.46	23.77	4.6	10	12.4
xY	465	20210117071059 	121.35	22.54	5.4	20	121.19	22.72	4.9	10	12.6
xY	466	20210128152932 	120.98	22.54	5	8.5	120.96	22.51	5.3	10	10
xY	467	20210207013603 	122.6	24.66	6.1	112	122.07	24.44	5.2	10	23.9
xY	obs	20210209005803 	122.02	24.37	5.7	23.9	122.03	24.36	4.8	10	13.7
xY	469	20210218023848 	121.38	22.23	5.2	19.3	121.08	22.28	5.3	40	23.3
xY	470	20210302172300 	121.13	21.91	5.8	31.2	121.11	22	5.9	20	19.1
xY	471	20210304222458 	122.28	24.78	4.7	11.2	122.16	24.74	4.6	10	26
xY	472	20210328144118 	122.77	24.54	5.2	98.7	121.79	24.7	4.5	40	27.9
xY	473	20210407211936 	121.47	23.84	4.9	17.1	121.48	23.86	4.5	20	13.9
xY	474	20210415020936 	122.05	24.83	4.5	13.7	122.01	24.79	4.5	10	23.2
xY	475	20210418221139 	121.49	23.87	5.8	15	121.46	23.87	5.7	10	14.3
xY      475     20210418221437  121.48  23.86   6.2     14.4    121.4949 23.7984 5.8    10      10.2            											
xY	462	20210503130731 	123.93	25.46	6.4	201.9	122.79	24.78	5.8	30	62.9
xY	462	20210508052415 	120.82	22.73	4.6	3.6	120.84	22.72	4.6	10	12.5
xY	462	20210526004800 	121.49	23.94	5	20.2	121.51	23.98	4.6	20	13.5
xY	462	20210611131248 	121.54	23.9	5	11.2	121.57	23.96	5.6	10	10.5
xY	462	20210611131422 	121.54	23.89	4.3	11.9	121.7	23.95	4.9	30	13
xY	462	20210611153326 	121.53	23.89	5.3	11.2	121.55	23.93	5.8	10	9.8
xY	462	20210611153643 	121.53	23.89	4.9	12.8	121.53	23.9	4.6	10	12.1
xY	462	20210612055858 	121.059 22.6543	5.3	5.9	121.042	22.722  5.12    10	10			
xY	462	20210620225013 	121.48	23.8	4.9	10.6	121.46	23.7	4.5	10	12.5
xY	462	20210623134024 	121.51	24.06	4.9	21.4	121.53	24.07	4.6	20	13.2
xY	462	20210628170818 	121.46	23.87	4.7	19.7	121.5	23.88	4.8	40	14.8
xY	462	20210708061155 	121.58	23.9	5.4	9.6	121.55	23.91	5.6	20	13.4
xY	462	20210714065205 	121.6	23.95	5.2	5.9	121.62	23.93	4.7	10	14.6
xY	462	20210714065349 	121.62	23.93	4.1	6.7	121.6	23.93	4.6	10	37.3
xY	462	20210714065924 	121.66	23.9	5	9.5	121.49	23.97	4.4	10	13.8
xY	462	20210714071430 	121.6	23.97	4.5	6.8	121.65	23.94	4.8	10	24
xY	462	20210714074526 	121.66	23.93	5	5.4	121.6	23.94	4.5	10	13.1
xY	462	20210714113633 	121.6	23.96	4.5	8.9	121.66	23.88	4.6	20	17.9
xY	462	20210715010044 	121.6	23.92	4.7	6.1	121.16	23.91	4.5	10	17.8
xY	462	20210716070504 	121.6	23.97	4.7	6.8	121.6	23.96	4.5	10	14.6
xY	462	20210716072926 	121.61	23.97	4.7	5.4	121.64	23.95	4.6	10	15.3
xY	462	20210726194011 	121.6	24.02	4.2	5	121.5	24.11	4.5	10	32.6
xY	462	20210805055045 	122.32	24.8	6	7	122.26	24.74	6	10	23.6
xY	462	20210805055627 	122.28	24.78	5.3	16.5	122.09	24.72	5	10	25.9
xY	462	20210806161104 	122.19	24.79	5.6	13.3	122.19	24.77	5.4	10	16.3
xY	462	20210806191230 	121.29	23.16	5.4	7.2	121.27	23.17	4.9	10	12.5
xY	462	20210819231250 	121.65	23.95	4.3	7.4	121.67	23.94	4.5	10	28.3
xY	462	20210822195201 	120.58	23.16	4.7	13.9	120.62	23.15	5	10	10.3
xY	462	20210901062756 	120.71	23.27	4.9	13.7	120.64	23.26	4.7	10	9.8
xY	462	20210902185658 	120.54	23.18	4.7	4.1	120.52	23.15	4.6	10	8.3
xY	462	20210902190924 	120.53	23.17	4.2	4.3	120.57	23.17	4.5	10	18.9
xY	462	20210906220026 	122.08	23.85	5.9	41.1	122.17	23.96	5.2	10	15.7
xY	462	20210913184127 	121.01	24.12	5.6	46.1	120.88	24.19	4.6	10	13.7
xY	462	20210926170511 	121.68	24.32	5.7	46.1	121.67	24.27	5.1	10	13.4
xY	462	20211004140750 	122.25	24.78	5	3.9	122.02	24.7	4.6	20	24.1
xY	462	20211018134918 	121.67	24.2	5.2	31.4	121.65	24.21	4.6	20	14.3
xY	462	20211023111604 	121.65	24.07	5.3	26.8	121.57	24.1	5	10	11.9
xY	462	20211024131134 	121.78	24.53	6.5	65.6	121.8	24.55	6.1	10	15.3
xY	462	20211114210515 	121.94	24.57	5.4	66.2	121.84	24.59	4.8	10	15.5
xY	obs	20211124175518 	122.41	24.05	5.3	26.8	122.2	24.12	5	10	19.7
xY	462	20211206210551 	122.05	24.86	5.5	105.4	121.7	24.93	4.7	40	26
xY	462	20211219040249 	121.36	22.96	4.5	22.3	121.35	22.97	4.7	20	10.6
xY	462	20211221185930 	120.52	23.12	4.6	10.1	120.55	23.1	5.1	10	10.5
xY	462	20220103174637 	122.17	24.02	6	22.4	122.14	24.07	4.5	10	16.3
xY	462	20220104071729 	122.16	24.08	5.2	24.1	122.22	24.01	5.1	30	25.5
xY	462	20220108051219 	120.84	24.21	4.7	33.2	120.84	24.24	4.5	20	10.9
xY	462	20220116161541 	122.25	24.18	5.6	55.5	122.13	24.25	5.3	10	17.3
xY	462	20220125223553 	121.95	24.63	5.1	64.7	121.95	24.67	4.9	30	16.3
xY	462	20220207185825 	121.96	24.4	5.5	33.2	121.84	24.47	5.1	10	11.9
xY	462	20220212004312 	122.31	24.01	5.6	22.8	121.83	24.16	4.9	20	24.52
xY	462	20220216134159 	121.46	23.91	4.4	20.6	121.49	23.87	4.5	10	26.03
xY	462	20220220184944 	122.43	23.99	4.9	25.9	122.37	23.98	4.7	20	20.38
xY	462	20220309202213 	121.44	23.25	5.6	34.5	121.33	23.2	5.2	10	11.01
xY	462	20220316083452 	120.83	22.3	4.7	39.2	120.81	22.31	4.6	20	15.39
xY	462	20220318205056 	122.16	23.98	4.7	13.8	122.17	24.02	4.9	20	21.15
xY	462	20220319030418 	124.12	25.43	6.3	188	122.1	24.5	5.1	10	45.85
xY	462	20220319232342 	120.69	23.64	5.1	15.1	120.69	23.71	5.3	10	9.2
xY	462	20220323014139 	121.52	23.43	6.6	30.6	121.46	23.42	7	20	11.93
xY	462	20220323033503 	121.52	23.48	5.8	26	121.46	23.49	5.9	20	16.54
xY	462	20220323042959 	121.44	23.42	5.8	21	121.39	23.44	6.3	20	18.2
xY	462	20220402234220 	121.53	22.84	4.5	18.2	121.45	22.84	4.5	10	13.3
xY	462	20220404095045 	120.57	23.09	4.9	9.4	120.48	23.08	4.9	10	9.2
xY	462	20220407114100 	121.34	23.09	4.9	19.6	121.38	23.07	5.1	20	10.1
xY	462	20220412121438 	120.64	22.9	4.6	17.2	120.71	22.93	4.5	10	11.6
xY	462	20220415030658 	121.51	23.72	4.9	6.6	121.49	23.73	4.5	10	16.5
xY	462	20220423153136 	121.61	23.97	4.6	39.3	121.55	23.98	4.7	40	14.7
xY	462	20220424015348 	121.82	24.63	5.1	69.3	121.89	24.58	4.5	40	15.9
xY	462	20220424182350 	123.2	23.49	5.7	50.5	121.9	24.07	4.5	10	30.5
xY	462	20220503024313 	121.66	24.07	4.8	29.2	121.62	24.07	4.5	20	14.9
xY	462	20220509142303 	122.53	23.97	6.2	16.8	122.43	24.05	6	20	25.7
xY	462	20220509154552 	122.59	23.94	5.3	29.5	122.56	23.89	5.2	30	31.4
xY	462	20220509233535 	122.21	24.82	4.9	111.9	121.82	24.88	4.5	50	28.6
xY	462	20220519075247 	123.57	23.39	5.5	42.9	122.18	23.39	4.8	30	48
xY	462	20220526045820 	120.87	22.99	4.5	2.8	120.91	23.02	4.5	10	12
xY	462	20220607095754 	123.52	25.54	6	224.3	122.02	24.75	4.5	10	44.5
xY	462	20220620090507 	121.47	23.68	6	6.8	121.45	23.72	6.2	10	15.5
xY	462	20220620093943 	121.47	23.73	5	6.5	121.48	23.75	5	10	12.4
xY	462	20220624063220 	122.55	24.03	5.1	29.1	122.38	24.14	5.2	20	26.6
xY	462	20220625102719 	121.42	23.63	4.9	8	121.24	23.68	4.8	10	12.2
xY	462	20220625213435 	121.43	23.62	5.1	9.9	121.4	23.59	4.8	10	9.4
xY	462	20220628040700 	120.12	22.03	5	42.6	120.6	22.32	4.8	10	19
xY	462	20220628214330 	120.2	21.99	5.3	40.9	120.53	22.44	4.7	10	17.9
xY	462	20220708195748 	121.99	24.84	4.3	8	122.02	24.84	4.5	10	13.5
xY	462	20220724083235 	121.48	23.26	5.2	29.6	121.37	23.33	5.5	40	14.9
xY	462	20220728081616 	121.37	22.98	5.4	43.6	121.44	22.94	5.3	30	20.3
xY	462	20220820120750 	122.31	24.12	4.8	27.1	122.28	24.11	4.9	20	29.22
xY	462	20220822105303 	123.55	25.11	5.7	161.5	121.98	24.58	5.1	10	38.82
xY	462	20220901150157 	121.34	23.12	4.6	35.9	121.34	23.1	4.6	40	13.3
xY	462	20220907125043 	121.94	24.8	4.1	5	121.95	24.8	4.5	10	15.2
xY	462	20220914093551 	121.4	22.47	5.3	23.1	121.41	22.53	5.4	30	19
xY	462	20220917214119 	121.16	23.08	6.4	7.3	121.18	23.07	5.7	10	7.9
xY	462	20220917215542 	121.18	23.11	4.9	7	121.16	23.13	5.5	10	8.9
xY	462	20220917221251 	121.21	23.08	4.1	6.5	121.21	23.06	4.5	20	16.7
xY	462	20220917223513 	121.19	23.11	5.3	10	121.16	23.1	5.2	10	15.6
xY	462	20220917224528 	121.2	23.1	5.5	8.8	121.22	23.15	5.7	10	8
xY	462	20220917230010 	121.2	23.1	4.6	19.9	121.19	23.07	4.5	10	23.6
xY	462	20220918020330 	121.33	23.11	4.7	15.2	121.33	23.07	4.8	10	21.5
xY	462	20220918095156 	121.31	23.09	4.5	14.1	121.35	23.1	4.7	20	11
xY	462	20220918100010 	121.31	23.08	4.6	11.5	121.3	23.08	4.5	10	20.2
xY	462	20220918121052 	121.1	22.79	4.7	6.4	121.07	22.8	4.6	10	14.2
xY	462	20220918131919 	121.18	23.13	5.9	11.1	121.13	23.14	5.8	10	10.6
xY	462	20220918135440 	121.2	23.13	4.7	5	121.22	23.13	4.5	10	17.9
xY	462	20220918143203 	121.2	23.14	5.6	7.7	121.23	23.13	5.8	10	8.6
xY	462	20220918144415 	121.2	23.14	6.8	7	121.15	23.17	6.2	10	10.7
xY	462	20220918145711 	121.22	23.33	3.9	13.7	121.33	23.28	5.4	10	10.3
xY	462	20220918145735 	121.2	23.13	5.4	5.3	121.17	23.11	5.4	10	17.3
xY	462	20220918150518 	121.33	23.48	4	8.5	121.33	23.5	4.5	10	26.9
xY	462	20220918152726 	121.19	23.14	4.1	11.3	121.19	23.15	4.6	30	15.5
xY	462	20220918163042 	121.29	23.27	4.2	10.7	121.32	23.28	4.7	20	16
xY	462	20220918164632 	121.18	23.11	5.5	13.5	121.15	23.15	6	20	11.3
xY	462	20220918171934 	121.35	23.37	4.6	12.8	121.33	23.37	4.6	10	16.9
xY	462	20220918173956 	121.29	23.27	5.8	9.5	121.23	23.27	5.6	10	10.7
xY	462	20220918174632 	121.28	23.23	4.8	6.6	121.31	23.27	5.1	20	15.2
xY	462	20220918203334 	121.37	23.38	4.4	14.1	121.37	23.44	4.6	20	14.2
xY	462	20220918204436 	121.19	23.13	4.2	5	120.49	23.35	6	10	11.5
xY	462	20220919100745 	121.32	23.43	5.9	13.4	121.34	23.45	5.7	10	10.4
xY	462	20220919193033 	121.25	23.26	4.5	18.1	121.21	23.18	4.5	20	20.1
xY	462	20220921024203 	121.08	22.89	4.3	8.5	121.08	22.9	4.5	10	14.2
xY	462	20220921091344 	121.16	23.07	4.7	13.9	121.14	23.07	4.8	10	10.5
xY	462	20220922090446 	121.25	23.26	4.3	17.9	121.19	23.2	4.6	10	26.3
xY	462	20220923025421 	121.22	22.9	4.5	9.8	121.19	22.94	4.8	10	11.1
xY	462	20220924153205 	121.24	23.27	4.2	16.4	121.23	23.24	4.5	10	26.3
xY	462	20220926035021 	121.45	23.25	4.2	33.1	121.5	23.25	4.5	20	25.6
xY	462	20220927191109 	121.24	22.94	4.2	8.8	121.22	22.93	4.5	10	16.9
xY	462	20220930223720 	121.29	22.87	4.8	17.1	121.28	22.89	4.9	10	12.5
xY	462	20221001035015 	121.25	23.26	4.3	13.8	121.25	23.28	4.5	20	14.3
xY	462	20221003042522 	121.5	23.48	5.3	23.5	121.41	23.52	5	20	15.8
xY	462	20221007003610 	126.86	27.65	5.3	180.3	122.19	24.34	4.6	20	99.4
xY	462	20221007131324 	121.32	23.48	4.5	13.9	121.32	23.5	4.5	10	14.9
xY	462	20221007220655 	121.31	23.44	4.5	13.8	121.31	23.45	4.6	20	15.5
xY	462	20221008215827 	121.25	23.26	4	17.6	121.25	23.25	4.5	10	29.1
xY	462	20221010040341 	121.24	23.26	4.3	16.6	121.3	23.23	4.5	20	24.8
xY	462	20221010044328 	121.8	24.34	4.3	18.9	121.76	24.37	4.5	10	17.5
xY	462	20221010113731 	121.28	22.92	4.4	5	121.26	22.93	4.8	10	17
xY	462	20221010201751 	121.54	23.6	5.3	30.4	121.43	23.65	5.1	20	15.6
xY	462	20221011032442 	122.2	24	5.9	17.9	122.11	24.14	6.1	20	23.2
xY	462	20221013205815 	121.57	23.72	4.4	6.8	121.58	23.72	4.5	10	31.5
xY	462	20221022123810 	121.247	23.2562	4.5	18.5	121.24	23.26	4.5	20	14.4
xY	462	20221027173551 	121.179	23.1272	4.2	13.8	121.47	23.03	4.5	20	29.8
xY	462	20221028233043 	122.035	24.6158	5.1	63.9	121.95	24.65	5.3	40	16.3
xY	462	20221031164827 	121.209	22.9142	5	10	121.2	22.89	5.6	10	16.3
xY	462	20221101163011 	122.54	24.71	5.7	108.7	121.83	24.6	5.2	40	28
xY	462	20221109154206 	121.24	22.88	4.6	5	121.23	22.9	4.5	10	25.2
xY	462	20221113094745 	121	22.44	5.3	10	120.99	22.46	5.4	10	13.9
xY	462	20221113220908 	121.03	22.45	4.5	6.8	121.01	22.47	4.7	10	14
xY	462	20221115114352 	121.01	22.4	4.5	13.1	120.98	22.44	4.6	10	16.8
xY	462	20221115195321 	121.05	22.4	4.9	9.8	121.01	22.43	4.9	10	15.1
xY	462	20221115203615 	121.5	23.31	4.4	31.8	121.63	23.3	4.6	20	28.5
xY	462	20221116090935 	121.15	23.07	4.5	13.9	121.14	23.08	4.7	10	10.4
xY	462	20221116230207 	121.06	22.42	4.3	7.4	121.01	22.45	4.5	10	21.2
xY	462	20221116230741 	121.06	22.42	4.8	5	121.03	22.43	4.6	10	15
xY	462	20221119194553 	121.03	22.3	4.1	9.9	121.16	22.23	4.7	10	28.9
xY	462	20221120094942 	121.95	24.65	5.1	68.9	121.9	24.77	4.5	30	16.9
xY	462	20221127013804 	121.64	23.86	5.6	36	121.62	23.92	5.7	40	13.2
xY	462	20221208005428 	121.61	23.8	5.6	29.8	121.52	23.83	6	40	13.1
xY	462	20221214223229 	121.34	23.57	4.6	15.1	121.36	23.57	4.7	10	15.6
xY	462	20221215065412 	121.29	23.43	4.5	22.4	121.3	23.43	4.7	20	15.4
xY	462	20221215120317 	121.78	23.77	6.2	5.7	121.55	23.9	5.8	10	12.3
xY	462	20221217231032 	121.24	23.26	4.1	17.7	121.27	23.25	4.5	20	19.4
xY	462	20221222123632 	121.02	22.53	5.2	7.2	120.9	22.47	5.2	10	10.9
xY	462	20221224051759 	121.18	23.12	5.2	13.3	121.16	23.13	5.1	10	11.5
xY	462	20230105125928 	121.59	23.23	4.5	39.7	121.47	23.32	4.5	10	26.4
xY	462	20230106020251 	122.04	24.89	4.2	13.5	122.07	24.87	4.5	10	15
xY	462	20230107192126 	121.33	23.56	4.7	15.2	121.35	23.58	5	20	15
xY	462	20230109193150 	121.27	23.38	4.7	11.5	121.29	23.41	5	20	13
xY	462	20230111032212 	121.31	23.15	4	33.9	121.38	23.11	4.5	30	24.6
xY	462	20230111124209 	121.47	23.22	4.8	29.2	121.36	23.2	4.5	20	14.9
xY	462	20230112131552 	120.66	22.83	4.4	19.6	120.69	22.8	4.6	10	18.2
xY	462	20230113230237 	122.34	24.04	5	24.2	122.28	24.1	4.6	20	19.6
xY	462	20230120105626 	121.52	24.05	4.4	19.7	121.53	24.01	4.5	20	14.4
xY	462	202302070420175 	121.75	24.28	5.1	15.8	121.69	24.31	4.9	10	11
xY	462	202302080548482 	121.83	24.74	4.4	78.9	122.02	24.78	4.7	70	26.6
xY	462	202302081849585 	121.68	23.39	5.4	31.6	121.39	23.52	4.9	10	14
xY	462	202302111935480 	121.66	23.38	5.1	31.8	121.36	23.43	4.5	10	13.8
xY	462	202302170922507 	121.48	23.94	4.6	18.7	121.49	23.87	4.8	10	9.7
xY	462	202302182349095 	120.77	23.7	5	18.2	120.75	23.79	5.1	10	10.1
xY	462	202302190732331 	121.63	24.7	4.6	52.7	121.7	24.77	4.7	60	25.1
xY	462	202302211901419 	121.68	23.51	4.8	31.3	121.54	23.62	4.7	40	15.4
xY	462	202302220100206 	123.37	24.96	5.3	140.9	121.87	24.67	4.5	50	39.3
xY	462	202302230518441 	121.74	24	4.5	5	121.76	23.95	4.6	10	20.5
xY	462	202302260003162 	121.29	22.48	4.5	1.7	121.15	22.54	4.5	20	18.3
xY	462	202303021501486 	121.35	23.07	4.1	19.5	121.39	22.99	4.6	40	13.7
xY	462	202303030048592 	121.83	24.53	4.9	11.3	121.84	24.52	5	10	9.63
xY	462	202303032248442 	121.91	24.86	5	108.7	121.85	24.97	4.5	40	21.6
xY	462	202303040157313 	122.15	24.05	4.8	16.3	122.11	24.09	4.6	10	21.3
xY	462	202303161228432 	121.24	23.27	4.2	18	121.26	23.25	4.5	20	17.2
xY	462	202303191312167 	121.05	22.82	4.2	10.6	121.06	22.81	4.5	20	28.3
xY	462	202303210945206 	121.31	23.64	5.4	8.5	121.28	23.65	5.9	10	13.1
xY	462	202303210946125 	121.29	23.64	4.9	7.1	121.32	23.64	5	10	15.2
xY	462	202303222343053 	121.31	23.65	4.7	6.5	121.4	23.63	4.5	10	10.5
xY	462	202303230551041 	121.3	23.66	4.7	7.8	121.21	23.68	4.7	10	12.5
xY	462	202303241804186 	121.32	23.65	4.3	6.7	121.29	23.66	4.5	10	14.8
xY	462	202304010400518 	120.64	22.87	4.3	16.6	120.66	22.87	4.5	10	20.6
xY	462	202304010402175 	120.96	24.43	4.4	1.8	120.91	24.52	4.6	10	9.5
xY	462	202304050034279 	121.46	23.93	4.2	19.9	121.45	23.91	4.5	20	11.3
xY	462	202304071836310 	121.36	23.2	4.7	17.1	121.34	23.2	4.5	20	11.1
xY	462	202304082014503 	121.44	23.44	4.7	31.7	121.43	23.41	4.7	40	13.2
xY	462	202304091319092 	121.54	24.64	4.6	62.6	121.55	24.68	4.6	60	30.4
xY	462	202304141154023 	121.16	22.79	4.2	6.3	121.16	22.8	4.6	10	21.5
xY	462	202304161126565 	121.4	23.74	4.3	20	121.46	23.73	4.6	20	25.9
xY	462	202304170317336 	120.91	22.75	4.2	7.8	120.95	22.69	4.5	10	10.6
xY	462	202304171649047 	121.67	24.37	4.7	23	121.66	24.39	4.5	20	18.5
xY	462	202304211944441 	121.51	23.5	4.6	29	121.4	23.51	4.7	40	14.1
xY	462	202304242135387 	121.15	22.8	4.4	5.8	121.15	22.79	4.5	10	20.5
xY	462	202304271615202 	121.53	23.47	4.3	36.6	121.6	23.44	4.5	30	22.6
xY	462	202305041615468 	120.92	22.76	4	7.8	120.8	22.8	4.7	10	10.6
xY	462	202305042338209 	121.3	23.45	5.1	14.1	121.34	23.47	4.5	10	9.8
xY	462	202305120525183 	121.01	21.73	4.6	31.9	121.1	21.86	4.7	10	24.4
xY	462	202305130130216 	121.58	23.18	4.7	24.9	121.42	23.21	4.8	20	12.4
xY	462	202305311848034 	121.14	22.35	4.4	32.2	121.23	22.33	4.5	20	26.8
xY	462	202306021748439 	122.096	24.3063	4.5	25.3	122.09	24.34	4.6	20	25.1
xY	462	202306101326037 	120.663	22.8672	4.2	15.5	120.67	22.85	4.5	10	20.6
xY	462	202306101331540 	120.696	22.8575	5.3	10.3	120.69	22.86	5.3	10	9.2
xY	462	202306101712344 	120.676	22.8628	4.9	10.4	120.59	22.83	5.1	10	8.8
xY	462	202306112025391 	122.502	24.2083	5.2	44.4	122.16	24.18	4.6	10	20
xY	462	202306150758579 	121.56	23.5605	4.7	30.6	121.48	23.6	4.7	40	14.9
xY	462	202306170947290 	121.238	23.2617	4.2	16.7	121.24	23.24	4.5	20	17.7
xY	462	202306221404077 	121.675	23.9153	4.4	15.9	121.71	23.89	4.6	10	19.7
xY	462	202306230245302 	121.677	24.5685	4.7	58.6	121.57	24.64	4.5	40	21.8
xY	462	202307100611332 	121.57	24.04	5.2	15.3	121.54	24.04	5.3	20	18.1
xY	462	202307141009276 	121.31	23.49	4.4	14.4	121.21	23.52	4.5	10	14.3
xY	462	202307151550512 	121.32	23.46	4.1	13.9	121.39	23.45	4.5	10	20.5
xY	462	202307282117541 	121.89	24.73	4.5	78.6	121.85	24.74	4.5	50	17.6
xY	462	20230806011241 	121.801	24.5885	4.6	64.8	121.69	24.65	4.5	50	25.2
xY	462	20230808183812 	121.579	23.2655	4.6	40	121.5	23.25	4.6	40	13.6
xY	462	20230810100217 	121.949	24.7942	5	91.2	121.92	24.97	4.5	50	19.3
xY	462	20230811182400 	120.94	23.3045	4.3	3.9	120.94	23.24	4.6	10	11.6
xY	462	20230813094310 	121.473	20.5523	6	84	121.3	21.69	5.1	20	56.1
xY	462	20230813200623 	121.035	21.759	4.8	21	120.89	21.91	4.6	20	18.4
xY	462	20230816010918 	121.673	24.1663	4.8	27.7	121.63	24.2	4.5	10	20
xY	462	20230827190446 	121.077	22.8935	4.2	9.6	120.99	22.93	4.7	10	11.6
xY	462	20230831124903 	120.39	23.5268	4.5	8.9	120.42	23.58	4.9	10	8.21
xY	462	20230905111348 	120.864	22.2603	4.4	3.4	120.84	22.26	4.9	10	19.7
xY	462	20230905173041 	120.393	23.5348	5.5	8.5	120.37	23.52	6.3	10	7
xY	462	20230906132138 	120.675	22.9032	4.3	5	120.71	22.91	4.9	10	12.9
xY	462	20230918212119 	126.03	25.8092	6.8	36.6	121.97	25.06	5.1	20	70.3
xY	462	20230925043522 	121.085	22.9082	3.6	8.2	120.47	23.2	5.2	40	9.7
xY	462	20231005165316 	122.2	24.02	4.7	10	122.27	24.02	4.9	10	24.9
xY	462	20231011183656 	121.34	23.25	5.8	17	121.28	23.26	5.7	10	10.4
xY	462	20231012201629 	120.56	22.93	4.9	15.1	120.53	22.9	4.8	10	9.3
xY	462	20231014155329 	122.31	23.91	5.3	7.2	122.13	24.09	5	10	23.9
xY	462	20231023211920 	121.32	22.99	4.8	19.4	121.17	23	4.6	10	10.1
xY	462	20231024070520 	122.8	23.91	6.2	5.7	122.35	24.15	6	20	29.7
xY	462	20231028101610 	121.37	22.5	4.5	26.6	121.04	22.66	4.5	40	16.1
xY	462	20231031203354 	121.62	23.24	4.7	43.5	121.5	23.24	4.6	40	13.4
xY	462	20231110200504 	121.32	23.06	4.2	37.7	121.28	22.99	4.6	20	20.8
xY	462	20231111005439 	121.66	23.41	5.4	28.7	121.42	23.57	4.9	10	12.9
xY	462	20231121011635 	120.86	23.82	4.6	28.9	120.85	23.82	4.8	20	11.8
xY	462	20231123122626 	121.63	23.17	4.7	40.2	121.43	23.22	4.9	40	15.1
xY	462	20231126123109 	122.53	23.94	5.4	22.4	122.21	24.22	5.7	20	24.8
xY	462	20231202062730 	121.46	23.42	4.8	22.9	121.41	23.43	4.6	20	11.7
xY	462	20231209141925 	122.66	24.5	5.1	96.3	121.78	24.39	4.7	40	24.4
xY	462	20231224050751 	121.31	22.63	4.4	16.8	121.4	22.66	4.9	40	10.9
xY	462	20231224052118 	121.31	22.63	4.6	16.5	121.25	22.78	4.6	10	10.4
xY	462	20231224171917 	121.32	22.62	4.4	20.6	121.35	22.65	4.8	20	13.9
xY	462	20231231055710 	121.83	24.62	4.5	47.4	121.87	24.58	4.8	40	13
xY 100  20240103094333  121.51	23.63	4.5 	20.9	121.49 	23.60 	4.5	20.0 	17.9
xY 100  20240129021122  121.28	23.65	5.3 	5	121.41 	23.66 	5.2	10.0 	10.7
xY 100  20240202181027	120.283	23.456	4.7 	16	120.27 	23.49 	4.9	10.0 	7.4
xY 100  20240213075808	121.279	23.668	4.5 	8.2	121.44 	23.72 	4.5	10.0 	10.8
xY 100  20240220215627	123.323	23.7073	5.4 	51.1	122.55 	23.63 	5.3	30.0 	39.7
xY 100  20240220225731	123.254	23.7213	5.7 	58.9	123.06 	23.54 	5.3	10.0 	43.3
xY 100  20240221000837	122.439	23.9978	5.0 	26.7	122.32 	24.02 	4.9	10.0 	22.1
xY 100  20240224123708	121.577	23.6352	5.0 	22.4	121.51 	23.67 	4.6	20.0 	14.8
xY 100  20240225214832	122.032	24.8068	5.1 	7.6	121.85 	24.82 	4.5	10.0 	9.9
xY 100  20240226133418	121.346	23.0377	4.2 	19.8	121.35 	23.04 	4.5	10.0 	23.9
xY 100  20240229132627	120.28	23.4577	5.0 	16.8	120.33 	23.44 	4.9	10.0 	7.7
xY 100  20240305154316	121.30 	23.47 	4.0 	12.2 	121.38 	23.43 	4.5	10.0 	30.4
xY 100  20240311185417	121.42 	23.19 	4.7 	24.4 	121.40 	23.19 	4.6	20.0 	12.3
xY 100  20240313213654	121.94 	24.39 	4.7 	27.5 	121.94 	24.40 	4.5	20.0 	21.8
xY 100  20240316184553	121.47 	23.20 	4.6 	42.4 	121.37 	23.24 	4.7	40.0 	16.5
xY 100  20240319192030	121.77 	23.82 	5.0 	18.9 	121.58 	23.95 	4.5	10.0 	10.3
xY 100  20240321184953	121.53 	24.08 	5.3 	21.3 	121.57 	24.07 	5.5	10.0 	8.2
xY 100  20240325181336	121.62 	23.99 	4.8 	43.0 	121.57 	23.99 	4.5	40.0 	16.3
xY 100  20240329191119	121.34 	22.78 	4.2 	11.5 	121.40 	22.74 	4.5	20.0 	22.0
xY 100  20240403032633	120.19 	23.38 	4.8 	7.4 	120.25 	23.36 	5.2	10.0 	7.5
xY 100  20240403075809	121.57 	23.88 	7.2 	15.5 	121.53 	23.92 	6.2	10.0 	8.4
xY 100  20240403081126	121.66 	24.10 	6.5 	5.5 	121.47 	24.38 	5.9	10.0 	14.4
xY 100  20240403083537	121.72 	24.23 	5.6 	14.6 	121.70 	24.40 	5.8	10.0 	28.4
xY 100  20240403084644	121.69 	24.19 	5.4 	3.1 	121.61 	24.52 	4.6	10.0 	14.5
xY 100  20240403091743	121.68 	24.04 	5.0 	35.1 	121.56 	24.10 	5.2	20.0 	21.0
xY 100  20240403093937	121.73 	23.84 	5.7 	8.1 	121.67 	23.86 	5.5	20.0 	22.6
xY 100  20240403095358	121.55 	23.87 	5.1 	16.1 	121.54 	23.89 	5.4	20.0 	19.7
xY 100  20240403102817	121.79 	24.22 	5.3 	10.0 	121.85 	24.16 	5.6	10.0 	17.3
xY 100  20240403115718	121.59 	23.83 	5.2 	17.4 	121.48 	23.87 	4.7	10.0 	15.2
xY 100  20240403123445	121.66 	24.04 	5.3 	39.3 	121.67 	24.14 	4.8	10.0 	17.7
xY 100  20240403234236	121.68 	24.17 	5.0 	17.1 	121.68 	24.18 	5.3	20.0 	14.4
xY 100  20240404022947	121.79 	23.80 	5.4 	5.8 	121.55 	23.92 	4.8	10.0 	11.4
xY 100  20240405023502	121.67 	24.16 	5.3 	31.2 	121.95 	23.49 	6.3	70.0 	16.9
xY 100  20240405125051	121.68 	24.13 	5.4 	8.3 	121.69 	24.12 	5.2	10.0 	14.9
xY 100  20240405141249	121.59 	23.80 	5.1 	10.0 	121.52 	23.85 	5	10.0 	6.4
xY 100  20240406115255	121.73 	24.19 	5.2 	16.3 	121.70 	24.19 	5.2	20.0 	16.8
xY 100  20240406184713	121.71 	23.92 	5.3 	25.1 	121.58 	23.99 	4.9	10.0 	10.7
xY 100  20240407051510	121.71 	24.04 	5.1 	13.8 	121.69 	24.02 	5.2	20.0 	16.1
xY 100  20240407180122	121.97 	24.17 	5.4 	16.9 	121.94 	24.20 	5.5	20.0 	16.0
xY 100  20240408130934	121.83 	24.21 	5.1 	5.1 	121.80 	24.25 	5.2	20.0 	19.8
xY 100  20240409020237	121.68 	23.94 	5.3 	24.6 	121.58 	23.98 	4.6	10.0 	11.3
xY 100  20240413222636	121.57 	24.02 	4.9 	11.5 	121.59 	24.03 	4.6	10.0 	8.3
xY 100  20240417171710	121.69 	23.91 	5.2 	19.2 	121.57 	23.95 	4.7	10.0 	11.5
xY 100  20240421104056	121.68 	23.49 	5.6 	30.0 	121.43 	23.60 	5.1	10.0 	12.2
xY 100  20240422003552	121.67 	24.20 	5.3 	23.1 	121.66 	24.20 	5.2	20.0 	12.3
xY 100  20240422170839	121.55 	23.76 	5.5 	10.0 	121.54 	23.75 	5.6	10.0 	17.4
xY 100  20240422171210	121.55 	23.79 	5.3 	10.0 	121.49 	23.81 	4.6	10.0 	8.4
xY 100  20240422191312	121.55 	23.83 	5.4 	6.1 	121.53 	23.82 	5.1	10.0 	16.3
xY 100  20240422192207	121.50 	23.78 	4.9 	5.0 	121.52 	23.83 	4.8	10.0 	14.1
xY 100  20240422211339	121.53 	23.71 	5.3 	10.0 	121.50 	23.71 	5.5	10.0 	12.9
xY 100  20240422221124	121.52 	23.77 	5.9 	8.6 	121.49 	23.78 	6.4	10.0 	10.0
xY 100  20240423022651	121.66 	23.72 	6.0 	10.0 	121.50 	23.78 	4.7	10.0 	10.2
xY 100  20240423023249	121.54 	23.85 	6.3 	5.5 	121.53 	23.89 	6.1	10.0 	9.8
xY 100  20240423031340	121.55 	23.87 	4.8 	5.1 	121.56 	23.75 	5.5	20.0 	15.8
xY 100  20240423031954	121.57 	23.87 	5.1 	9.1 	121.51 	23.86 	4.9	10.0 	7.4
xY 100  20240423040307	121.61 	23.82 	5.0 	5.0 	121.56 	23.84 	5.1	10.0 	21.1
xY 100  20240423044957	121.58 	23.72 	5.9 	10.0 	121.49 	23.78 	5.9	10.0 	9.5
xY 100  20240423050421	121.51 	23.71 	5.5 	8.0 	121.50 	23.73 	5.5	10.0 	22.5
xY 100  20240423051447	121.54 	23.76 	5.0 	5.7 	121.58 	23.77 	5.4	10.0 	25.0
xY 100  20240423051936	121.54 	23.78 	5.7 	10.0 	121.20 	24.36 	5.3	10.0 	24.3
xY 100  20240423094546	121.57 	23.81 	5.4 	8.5 	121.54 	23.84 	5.3	10.0 	20.2
xY 100  20240423102100	121.55 	23.85 	5.4 	9.1 	121.54 	23.86 	5.3	10.0 	17.6
xY 100  20240425021153	122.34 	23.91 	5.6 	18.5 	122.37 	23.91 	5.6	10.0 	29.0
xY 100  20240426202811	121.54 	23.81 	4.9 	2.0 	121.51 	23.81 	5.3	10.0 	8.1
xY 100  20240427022124	121.68 	24.19 	6.1 	24.9 	121.56 	24.23 	6.2	20.0 	12.0
xY 100  20240427024929	121.69 	24.25 	5.8 	18.9 	121.70 	24.26 	5.6	20.0 	12.6
xY 100  20240502100727	121.47 	22.48 	5.1 	18.9 	121.22 	22.59 	4.7	10.0 	15.3
xY 100  20240504032115	121.61 	23.73 	4.5 	8.7 	121.59 	23.74 	4.6	10.0 	18.8
xY 100  20240504103158	121.66 	24.24 	4.1 	15.6 	121.68 	24.22 	4.5	20.0 	16.7
xY 100  20240504112259	121.77 	23.99 	4.4 	16.2 	121.75 	23.97 	4.5	20.0 	19.7
xY 100  20240506174532	121.56 	23.77 	6.0 	27.7 	121.51 	23.80 	5.6	10.0 	10.1
xY 100  20240506175246	121.54 	23.75 	5.9 	24.8 	121.51 	23.78 	5.6	10.0 	9.2
xY 100  20240507204842	121.55 	23.77 	4.8 	21.3 	121.50 	23.81 	4.5	10.0 	9.9
xY 100  20240508012116	121.46 	23.77 	4.3 	10.5 	121.49 	23.75 	4.5	10.0 	17.8
xY 100  20240508041958	121.59 	23.92 	4.5 	10.7 	121.65 	23.91 	4.6	20.0 	25.4
xY 100  20240508164043	121.59 	23.74 	4.8 	8.0 	121.57 	23.76 	4.5	10.0 	14.3
xY 100  20240508193127	122.40 	24.10 	4.9 	27.7 	122.36 	24.18 	5.2	20.0 	21.5
xY 100  20240509203625	121.60 	23.91 	4.6 	11.1 	121.55 	23.91 	4.8	10.0 	9.1
xY 100  20240510093539	121.59 	23.71 	5.2 	8.2 	121.50 	23.80 	4.8	10.0 	9.8
xY 100  20240510093722	121.61 	23.85 	5.1 	6.7 	121.52 	23.81 	4.5	10.0 	8.9
xY 100  20240510154518	121.83 	24.23 	6.0 	7.7 	121.81 	24.21 	5.8	10.0 	13.8
xY 100  20240511131602	121.63 	23.87 	5.0 	6.5 	121.54 	23.88 	4.9	10.0 	9.3
xY 100  20240511174439	121.73 	24.04 	5.0 	27.8 	121.58 	24.04 	4.5	10.0 	11.3
xY 100  20240511190918	121.59 	23.93 	4.4 	9.5 	121.55 	23.90 	4.7	10.0 	10.1
xY 100  20240512030733	121.68 	24.24 	4.8 	29.3 	121.68 	24.28 	4.7	10.0 	10.5
xY 100  20240514103415	121.69 	24.04 	4.8 	22.5 	121.64 	24.00 	4.6	20.0 	18.0
xY 100  20240516224624	121.66 	24.21 	4.5 	29.6 	121.66 	24.20 	4.5	20.0 	12.5
xY 100  20240517114955	121.64 	23.92 	4.8 	36.5 	121.63 	23.94 	4.8	40.0 	13.3
xY 100  20240519105521	121.77 	24.19 	4.3 	19.9 	121.83 	24.15 	4.5	10.0 	27.0
xY 100  20240519215206	121.76 	24.07 	4.4 	27.9 	121.71 	24.08 	4.5	20.0 	14.2
xY 100  20240520172015	121.84 	24.16 	4.5 	22.7 	121.75 	24.17 	4.5	20.0 	22.3
xY 100  20240522160040	121.74 	23.83 	5.3 	5.9 	121.54 	23.89 	5.1	10.0 	11.5
xY 100  20240523215928	121.30 	23.93 	4.3 	5.8 	121.30 	23.93 	4.5	10.0 	12.6
xY 100  20240524115237	121.65 	23.85 	4.4 	1.1 	121.67 	23.82 	4.5	10.0 	23.5
xY 100  20240525010638	121.74 	24.19 	4.6 	21.6 	121.70 	24.19 	4.5	10.0 	18.5
xY 100  20240525114843	121.72 	24.18 	4.2 	21.0 	121.83 	24.12 	4.5	20.0 	27.1
xY 100  20240526050910	121.30 	22.93 	4.5 	37.3 	121.30 	22.96 	4.7	40.0 	11.9
xY 100  20240528054849	121.90 	24.48 	4.6 	26.9 	121.90 	24.47 	4.5	20.0 	28.2
xY 100  20240528190522	121.62 	23.94 	4.5 	33.2 	121.63 	23.96 	4.7	40.0 	16.6
xY 100  20240529104151	121.64 	24.17 	4.7 	32.8 	121.61 	24.13 	4.5	20.0 	11.5
xY 100  20240530075445	121.75 	24.00 	5.3 	26.7 	121.57 	23.94 	4.9	10.0 	12.4
xY 100  20240530091139	121.65 	24.19 	5.3 	32.3 	121.68 	24.17 	5.2	40.0 	13.4
xY 100  20240530200950	121.67 	24.18 	4.5 	32.3 	121.60 	24.10 	4.7	40.0 	14.5
xY 100  20240530235217	121.65 	23.96 	5.0 	37.5 	121.60 	24.01 	5.1	30.0 	12.1
xY 100  20240601011059	121.57 	24.07 	5.50 	13.10 	121.55 	24.05 	6.1	20.0 	9.3
xY 100  20240601083239	122.00 	24.36 	4.90 	18.80 	121.89 	24.54 	4.6	10.0 	10.3
xY 100  20240602092724	121.60 	23.80 	4.80 	5.40 	121.60 	23.76 	4.8	10.0 	11.9
xY 100  20240605144607	121.58 	23.63 	4.30 	17.00 	121.54 	23.62 	4.5	20.0 	18.7
xY 100  20240606141813	121.71 	24.31 	4.40 	30.10 	121.68 	24.31 	4.5	20.0 	18.6
xY 100  20240606235117	121.67 	24.18 	4.60 	36.00 	121.67 	24.17 	4.6	40.0 	12.0
xY 100  20240610115617	122.83 	23.71 	5.10 	45.60 	122.55 	23.81 	4.8	70.0 	28.8
xY 100  20240612055133	121.61 	23.80 	4.90 	29.30 	121.54 	23.82 	4.6	20.0 	16.3
xY 100  20240616162738	121.71 	23.93 	4.40 	33.60 	121.61 	23.98 	4.5	40.0 	15.1
xY 100  20240618114658	121.74 	24.16 	4.90 	12.40 	121.71 	24.16 	4.9	10.0 	15.0
xY 100  20240621122556	121.58 	23.49 	4.60 	40.20 	121.41 	23.52 	4.7	40.0 	14.4
xY 100  20240623222709	121.64 	23.83 	5.40 	17.00 	121.53 	23.88 	5.3	10.0 	11.4
xY 100  20240711035440	121.72 	24.20 	4.50 	16.90 	121.71 	24.20 	4.5	20.0 	18.5
xY 100  20240712003746	121.71 	24.14 	4.50 	31.10 	121.64 	24.16 	4.5	40.0 	14.1
xY 100  20240713025114	121.74 	23.98 	4.50 	23.20 	121.71 	23.94 	4.5	30.0 	16.1
xY 100  20240717165338	121.75 	24.23 	4.70 	17.00 	121.74 	24.23 	4.6	10.0 	15.6
xY 100  20240719202002	121.63 	23.95 	4.50 	25.70 	121.60 	23.97 	4.5	20.0 	12.4
xY 100  20240724053600	121.97 	23.83 	4.90 	39.70 	121.93 	23.89 	4.8	80.0 	16.9
xY 100  20240726102400	121.68 	24.14 	5.10 	39.70 	121.61 	24.10 	5	40.0 	13.5
xY 100  20240726214910	120.69 	22.85 	4.60 	17.00 	120.67 	22.86 	4.6	10.0 	10.2
xY 100  20240727192147	121.17 	21.81 	5.40 	51.10 	121.14 	21.98 	4.9	10.0 	18.1
xY 100  20240808173618	121.65 	24.11 	4.4 	18.8 	121.62 	24.07 	4.6	40.0 	14.7
xY 100  20240815170646	121.87 	24.40 	5.7 	9.0 	121.88 	24.39 	6.2	10.0 	10.7
xY 100  20240815171655	121.86 	24.41 	4.3 	10.6 	121.93 	24.36 	4.5	10.0 	17.4
xY 100  20240815173304	121.84 	24.42 	4.7 	9.4 	121.79 	24.43 	4.9	10.0 	11.0
xY 100  20240815223905	121.88 	24.40 	4.4 	10.2 	121.86 	24.39 	4.7	30.0 	16.0
xY 100  20240816073555	121.71 	23.78 	6.3 	19.4 	121.53 	23.81 	6.1	10.0 	9.4
xY 100  20240816074207	121.73 	23.78 	4.8 	13.8 	121.62 	23.85 	4.7	10.0 	24.7
xY 100  20240817032729	121.62 	23.74 	4.1 	8.1 	121.59 	23.75 	4.5	10.0 	19.3
xY 100  20240817044128	121.63 	23.82 	4.3 	21.6 	121.57 	23.86 	4.5	10.0 	32.1
xY 100  20240817061928	121.46 	23.85 	4.7 	16.5 	121.46 	23.84 	4.8	20.0 	14.4
xY 100  20240817211012	121.87 	24.41 	5.1 	10.6 	121.85 	24.42 	5.1	10.0 	10.0
xY 100  20240822092327	121.52 	24.04 	4.2 	16.7 	121.51 	24.02 	4.5	20.0 	15.8
xY 100  20240822215642	121.95 	24.44 	4.1 	15.2 	121.96 	24.42 	4.5	10.0 	23.6
xY 100  20240824223924	121.77 	24.36 	3.9 	14.1 	121.80 	24.36 	4.6	20.0 	11.4
xY 100  20240826232852	122.28 	24.17 	4.8 	13.0 	121.94 	24.39 	4.6	20.0 	24.8
xY 100  20240829041452	121.68 	24.16 	4.9 	28.1 	121.65 	24.15 	4.5	20.0 	14.3
xY 100  20240901022142	121.67 	23.82 	5.0 	16.3 	121.59 	23.82 	5	20.0 	12.8
xY 100  20240902162625	121.67 	23.93 	5.5 	23.9 	121.55 	23.93 	5.7	20.0 	13.6
xY 100  20240907052803	121.77 	24.28 	4.8 	48.6 	121.72 	24.31 	4.7	40.0 	15.5
xY 100  20240907131650	121.76 	23.92 	5.3 	15.1 	121.58 	23.98 	4.5	10.0 	10.9
xY 100  20240911214110	121.68 	23.90 	4.8 	29.6 	121.53 	23.91 	4.6	20.0 	15.2
xY 100  20240912051549	122.11 	24.16 	4.8 	32.1 	122.11 	24.20 	4.7	40.0 	17.6
xY 100  20240912112814	122.05 	23.92 	4.6 	36.0 	122.15 	23.88 	4.9	30.0 	26.1
xY 100  20240913125933	121.73 	23.94 	4.8 	17.3 	121.61 	23.95 	4.6	20.0 	15.0
xY 100  20240914153617	121.12 	22.90 	4.1 	15.2 	121.13 	22.87 	4.6	10.0 	20.2
xY 100  20240915081751	120.26 	23.10 	4.0 	13.5 	120.28 	22.74 	4.7	50.0 	10.3
xY 100  20240915120959	120.85 	23.53 	3.9 	5.0 	120.87 	23.51 	4.6	40.0 	16.1
xY 100  20240918084255	121.39 	23.22 	4.3 	20.4 	121.40 	23.21 	4.5	20.0 	11.1
xY 100  20240919011015	121.51 	24.07 	4.6 	20.7 	121.50 	24.05 	4.5	20.0 	15.3
xY 100  20240921185109	121.67 	24.25 	5.3 	17.0 	121.68 	24.25 	5.1	20.0 	16.1
xY 100  20240924034558	121.67 	24.16 	4.3 	32.0 	121.71 	24.11 	4.5	30.0 	27.2
xY 100  20240929201400	121.81 	24.30 	4.1 	12.1 	121.81 	24.30 	4.5	10.0 	13.7
xY 100  20241009001419	121.66 	24.05 	4.5 	29.0 	121.54 	23.96 	4.5	40.0 	15.4
xY 100  20241010204050	121.49 	23.81 	4.6 	14.4 	121.51 	23.81 	4.6	10.0 	9.8 
xY 100  20241011205208	121.49 	23.71 	4.8 	10.5 	121.34 	23.72 	4.6	10.0 	13.7 
xY 100  20241013193632	121.52 	24.03 	4.9 	18.7 	121.48 	24.00 	5	10.0 	9.3 
xY 100  20241014211716	121.84 	24.20 	5.0 	20.5 	121.73 	24.19 	4.5	20.0 	12.6 
xY 100  20241016215821	121.70 	24.02 	5.2 	25.2 	121.63 	24.05 	5.2	40.0 	12.7 
xY 100  20241022133206	121.26 	23.50 	4.1 	9.0 	121.33 	23.47 	4.5	20.0 	26.8 
xY 100  20241027141912	120.48 	23.42 	4.8 	5.6 	120.47 	23.43 	5.5	10.0 	7.0 
xY 100  20241027142845	120.48 	23.42 	4.5 	5.8 	120.48 	23.41 	4.9	10.0 	10.3 
xY 100  20241027145655	120.50 	23.42 	4.9 	5.0 	120.50 	23.45 	5.6	10.0 	7.1 
xY 100  20241027182145	121.63 	24.01 	5.3 	17.7 	121.57 	24.01 	4.8	10.0 	10.5 
xY 100  20241101001819	121.54 	23.55 	5.5 	32.3 	121.47 	23.69 	4.9	10.0 	12.9 
xY 100  20241104112054	122.08 	24.31 	4.3 	25.3 	121.99 	24.41 	4.5	20.0 	26.7 
xY 100  20241106020826	121.85 	24.11 	4.6 	22.9 	121.88 	24.05 	4.6	20.0 	25.2 
xY 100  20241107011939	121.68 	23.52 	5.5 	29.3 	121.44 	23.60 	5.4	40.0 	14.1 
xY 100  20241109194208	120.48 	23.41 	4.4 	5.0 	120.47 	23.43 	4.7	10.0 	7.4 
xY 100  20241113112515	122.06 	24.51 	4.5 	66.8 	122.04 	24.38 	4.5	10.0 	15.3 
xY 100  20241114103817	121.63 	23.90 	5.4 	30.5 	121.49 	23.93 	4.9	10.0 	10.3 
xY 100  20241116150141	120.22 	23.20 	4.5 	11.7 	120.23 	23.16 	4.7	10.0 	7.5 
xY 100  20241118212726	121.67 	24.16 	4.6 	26.9 	121.62 	24.17 	4.5	20.0 	21.6 
xY 100  20241120122322	120.23 	23.35 	4.6 	11.7 	120.22 	23.35 	4.6	10.0 	9.3 
xY 100  20241122204018	120.18 	23.20 	5.4 	7.7 	120.21 	23.20 	5.5	10.0 	6.6 
xY 100  20241122204349	120.22 	23.20 	4.3 	9.7 	120.21 	23.19 	4.6	10.0 	9.4 
xY 100  20241122222300	120.22 	23.20 	4.6 	11.0 	120.26 	23.20 	4.8	10.0 	7.4 
xY 100  20241124011910	121.35 	23.77 	4.5 	6.9 	121.26 	23.79 	4.7	10.0 	11.0 
xY 100  20241125103039	120.69 	23.63 	4.1 	13.7 	120.68 	23.64 	4.6	10.0 	11.6 
xY 100  20241127233224	121.69 	24.06 	5.2 	41.1 	121.61 	24.10 	4.5	20.0 	12.3 
xY 100  20241203180448	120.47 	23.43 	3.9 	5.0 	120.41 	23.42 	4.5	10.0 	7.7 
xY 100  20241206060452	121.65 	23.79 	4.3 	21.6 	121.73 	23.77 	4.5	20.0 	24.5 
xY 100  20241208034449	121.61 	23.88 	4.4 	10.0 	121.65 	23.86 	4.5	10.0 	21.1 
xY 100  20241212040549	121.74 	23.95 	4.6 	22.8 	121.67 	23.99 	4.5	20.0 	16.7 
xY 100  20241213122656	121.68 	23.92 	4.3 	25.4 	121.69 	23.92 	4.5	20.0 	23.2 
xY 100  20241226160851	121.73 	23.95 	5.2 	17.1 	121.65 	23.97 	5	20.0 	10.2 
xY 100  20241229232212	121.59 	23.51 	4.6 	40.9 	121.39 	23.54 	4.5	40.0 	13.7 
xY 100  20241230035136	120.69 	23.55 	5.1 	12.3 	120.59 	23.55 	5.3	10.0 	9.1 
xY 100  20250121001727	120.57 	23.23 	6.4 	9.7	    120.57 	23.21 	6.5	10.0 	8.0 
xY 100  20250121002625	120.53 	23.18 	5.0 	11	    120.48 	23.14 	5.4	10.0 	27.1 
xY 100  20250121003005	120.60 	23.22 	4.6 	12.8	120.57 	23.16 	5.2	20.0 	8.2 
xY 100  20250121014231	120.59 	23.18 	5.2 	11.1	120.57 	23.20 	5.4	10.0 	8.8 
xY 100  20250124191842	120.53 	23.17 	5.3 	11.7	120.54 	23.16 	5.3	10.0 	8.3 
xY 100  20250125194917	120.50 	23.26 	5.7 	7.7	    120.50 	23.25 	6.1	10.0 	9.1 
xY 100  20250125195025	120.49 	23.25 	4.8 	6.8	    120.48 	23.24 	5.2	10.0 	10.4 
xY 100  20250126001051	120.71 	22.83 	5.3 	10.9	120.72 	22.82 	5.7	10.0 	9.5 
xY 100  20250126073853	120.54 	23.18 	5.7 	8.1		120.44 	23.14 	6	10.0 	8.2 
xY 100  20250127081850	121.05 	22.76 	5.2 	6.5		120.97 	22.79 	5.7	10.0 	11.6 
xY 100  20250130101154	120.61 	23.24 	5.6 	10		120.59 	23.27 	5.7	10.0 	7.8 
xY 100  20250130151617	120.59 	23.23 	4.9 	10.6	120.57 	23.24 	5	10.0 	8.3 
xY 100  20250208004658	120.62 	23.28 	5.2 	7.3		120.57 	23.28 	4.9	10.0 	8.0 
xY 100  20250305212739	120.51 	23.15 	5.2 	14.3	120.54 	23.16 	5.0 	10.0 	8.4 
xY 100  20250313130937	121.54 	23.07 	5.7 	12.5	121.31 	23.13 	5.7 	10.0 	12.6 
xY 100  20250314185012	121.09 	22.88 	4.0 	6.7		121.13 	22.89 	5.2 	10.0 	7.6 
xY 100  20250325094048	121.65 	23.91 	5.1 	25.3	121.58 	23.92 	5.4 	40.0 	13.7 
xY 100  20250403114700	120.40 	23.21 	4.9 	7.3		120.38 	23.21 	5.5	10.0 	7.4 
xY 100  20250409095325	121.81 	24.60 	5.8 	72.4	121.79 	24.58 	4.5	10.0 	15.4 
xY 100  20250505181000	121.94 	23.94 	5.5 	19.7	121.59 	24.01 	5.0 	10.0 	13.1 
xY 100  20250505185327	121.92 	23.94 	5.9 	22.3	121.68 	24.02 	6.0 	40.0 	13.7 
xY 100  20250514104828	120.55 	23.31 	4.6 	11.5	120.57 	23.35 	4.6 	10.0 	8.3 
xY 100  20250611190028	121.68 	23.36 	6.4 	30.9	121.38 	23.45 	6.0 	10.0 	12.5 
xY 100  20250708035706	121.48 	23.94 	5.0 	19.5	121.51 	23.88 	5.3 	10.0 	9.0 
xY 100  20250810140336	121.57 	23.77 	5.2 	15.3	121.50 	23.78 	4.6 	10.0 	9.3 
xY 100  20250821163747	120.58 	23.26 	5.1 	10.4	120.53 	23.27 	5.3 	10.0 	8.0 
xY 100  20250822140615	120.55 	23.16 	5.4 	15.1	120.54 	23.16 	5.4 	10.0 	9.1 
xY 100  20250824205505	121.96 	24.15 	4.8 	28.2	121.93 	24.25 	4.6 	10.0 	12.9 
xY 100  20250827211100	121.91 	24.88 	6.0 	112		121.91 	25.00 	5.1 	30.0 	19.5 
xY 100  20251008075212	121.55 	23.99 	5.0 	6.1		121.56 	23.92 	5.3 	10.0 	9.3 
xY 100  20251018100413	122.08 	24.28 	5.3 	14.3	122.04 	24.41 	5.0 	10.0 	12.1 
xY 100  20251110130048	120.67 	23.18 	5.3 	7.8		120.68 	23.19 	5.3 	10.0 	8.3 
xY 100  20251119202513	121.81 	24.12 	4.5 	6.3		121.82 	24.12 	4.5 	10.0 	18.1 
xY 100  20251208192457	121.65 	23.85 	5.7 	24.5	121.52 	23.84 	5.4 	10.0 	9.2 
xY 100  20251211231940	120.66 	23.18 	4.7 	8.2		120.67 	23.19 	4.8 	10.0 	8.4 
xY 100  20251218193250	121.76 	24.10 	5.1 	31.6	121.68 	24.10 	4.8 	20.0 	12.5 
xY 100  20251224174705	121.15 	22.85 	6.1 	11.9	121.15 	22.95 	5.9 	10.0 	8.9 
xY 100  20251227230555	122.08 	24.69 	7.0 	72.8	121.81 	24.74 	6.7 	10.0 	15.5 









